  time [s] theta [rad]  thetadot [rad/s]    k_energy    p_energy   total_energy
   0.01000     0.52309          -0.05137     0.00132     1.31177        1.31309
   0.02000     0.52206          -0.10268     0.00527     1.30674        1.31202
   0.03000     0.52052          -0.15389     0.01184     1.29923        1.31107
   0.04000     0.51847          -0.20496     0.02100     1.28925        1.31025
   0.05000     0.51591          -0.25582     0.03272     1.27684        1.30956
   0.06000     0.51285          -0.30643     0.04695     1.26205        1.30900
   0.07000     0.50928          -0.35674     0.06363     1.24493        1.30856
   0.08000     0.50521          -0.40670     0.08270     1.22555        1.30825
   0.09000     0.50065          -0.45626     0.10409     1.20398        1.30806
   0.10000     0.49560          -0.50538     0.12770     1.18029        1.30799
   0.11000     0.49006          -0.55399     0.15345     1.15458        1.30803
   0.12000     0.48404          -0.60207     0.18124     1.12693        1.30818
   0.13000     0.47754          -0.64955     0.21096     1.09746        1.30842
   0.14000     0.47058          -0.69640     0.24249     1.06628        1.30876
   0.15000     0.46315          -0.74256     0.27570     1.03349        1.30919
   0.16000     0.45527          -0.78800     0.31047     0.99923        1.30970
   0.17000     0.44694          -0.83266     0.34666     0.96362        1.31028
   0.18000     0.43818          -0.87650     0.38413     0.92679        1.31092
   0.19000     0.42898          -0.91949     0.42273     0.88890        1.31163
   0.20000     0.41937          -0.96157     0.46231     0.85007        1.31239
   0.21000     0.40934          -1.00271     0.50272     0.81047        1.31319
   0.22000     0.39891          -1.04287     0.54379     0.77024        1.31403
   0.23000     0.38809          -1.08200     0.58537     0.72955        1.31491
   0.24000     0.37689          -1.12007     0.62728     0.68853        1.31582
   0.25000     0.36532          -1.15705     0.66938     0.64737        1.31675
   0.26000     0.35339          -1.19289     0.71149     0.60622        1.31771
   0.27000     0.34112          -1.22755     0.75344     0.56524        1.31868
   0.28000     0.32851          -1.26102     0.79508     0.52459        1.31967
   0.29000     0.31557          -1.29324     0.83624     0.48444        1.32068
   0.30000     0.30233          -1.32420     0.87676     0.44494        1.32169
   0.31000     0.28879          -1.35386     0.91647     0.40625        1.32272
   0.32000     0.27497          -1.38219     0.95523     0.36853        1.32376
   0.33000     0.26088          -1.40917     0.99287     0.33194        1.32481
   0.34000     0.24653          -1.43476     1.02927     0.29661        1.32588
   0.35000     0.23194          -1.45894     1.06426     0.26270        1.32695
   0.36000     0.21713          -1.48170     1.09771     0.23033        1.32805
   0.37000     0.20210          -1.50300     1.12950     0.19965        1.32915
   0.38000     0.18687          -1.52282     1.15949     0.17078        1.33028
   0.39000     0.17146          -1.54115     1.18758     0.14384        1.33142
   0.40000     0.15588          -1.55797     1.21364     0.11894        1.33258
   0.41000     0.14014          -1.57327     1.23758     0.09618        1.33376
   0.42000     0.12427          -1.58701     1.25931     0.07566        1.33496
   0.43000     0.10828          -1.59921     1.27873     0.05745        1.33618
   0.44000     0.09218          -1.60983     1.29577     0.04165        1.33743
   0.45000     0.07599          -1.61887     1.31037     0.02831        1.33869
   0.46000     0.05973          -1.62633     1.32247     0.01750        1.33996
   0.47000     0.04341          -1.63219     1.33202     0.00924        1.34126
   0.48000     0.02705          -1.63644     1.33897     0.00359        1.34256
   0.49000     0.01065          -1.63910     1.34332     0.00056        1.34388
   0.50000    -0.00575          -1.64014     1.34503     0.00016        1.34520
   0.51000    -0.02214          -1.63958     1.34411     0.00240        1.34651
   0.52000    -0.03852          -1.63741     1.34055     0.00728        1.34783
   0.53000    -0.05485          -1.63363     1.33437     0.01475        1.34913
   0.54000    -0.07114          -1.62825     1.32559     0.02481        1.35040
   0.55000    -0.08735          -1.62127     1.31426     0.03740        1.35166
   0.56000    -0.10348          -1.61270     1.30040     0.05247        1.35287
   0.57000    -0.11950          -1.60255     1.28408     0.06996        1.35404
   0.58000    -0.13541          -1.59083     1.26536     0.08980        1.35516
   0.59000    -0.15118          -1.57754     1.24432     0.11190        1.35622
   0.60000    -0.16681          -1.56271     1.22103     0.13617        1.35720
   0.61000    -0.18228          -1.54635     1.19559     0.16251        1.35811
   0.62000    -0.19756          -1.52847     1.16810     0.19082        1.35892
   0.63000    -0.21265          -1.50909     1.13867     0.22097        1.35964
   0.64000    -0.22753          -1.48822     1.10741     0.25284        1.36025
   0.65000    -0.24219          -1.46590     1.07444     0.28631        1.36074
   0.66000    -0.25661          -1.44214     1.03989     0.32123        1.36112
   0.67000    -0.27078          -1.41697     1.00390     0.35746        1.36136
   0.68000    -0.28469          -1.39041     0.96662     0.39486        1.36147
   0.69000    -0.29831          -1.36248     0.92817     0.43327        1.36144
   0.70000    -0.31164          -1.33321     0.88873     0.47254        1.36127
   0.71000    -0.32467          -1.30264     0.84844     0.51251        1.36095
   0.72000    -0.33738          -1.27079     0.80746     0.55303        1.36049
   0.73000    -0.34976          -1.23770     0.76594     0.59393        1.35988
   0.74000    -0.36179          -1.20338     0.72407     0.63505        1.35912
   0.75000    -0.37347          -1.16789     0.68199     0.67623        1.35821
   0.76000    -0.38478          -1.13126     0.63987     0.71730        1.35717
   0.77000    -0.39572          -1.09351     0.59788     0.75811        1.35599
   0.78000    -0.40626          -1.05469     0.55618     0.79849        1.35468
   0.79000    -0.41641          -1.01483     0.51494     0.83830        1.35324
   0.80000    -0.42615          -0.97398     0.47432     0.87737        1.35169
   0.81000    -0.43547          -0.93218     0.43448     0.91556        1.35004
   0.82000    -0.44437          -0.88946     0.39557     0.95272        1.34829
   0.83000    -0.45283          -0.84587     0.35775     0.98871        1.34645
   0.84000    -0.46084          -0.80144     0.32116     1.02339        1.34454
   0.85000    -0.46840          -0.75624     0.28595     1.05663        1.34258
   0.86000    -0.47551          -0.71029     0.25225     1.08831        1.34056
   0.87000    -0.48214          -0.66364     0.22021     1.11830        1.33851
   0.88000    -0.48831          -0.61634     0.18994     1.14650        1.33644
   0.89000    -0.49399          -0.56844     0.16156     1.17280        1.33436
   0.90000    -0.49919          -0.51998     0.13519     1.19711        1.33229
   0.91000    -0.50390          -0.47101     0.11092     1.21932        1.33024
   0.92000    -0.50812          -0.42157     0.08886     1.23937        1.32823
   0.93000    -0.51183          -0.37173     0.06909     1.25717        1.32626
   0.94000    -0.51505          -0.32152     0.05169     1.27266        1.32435
   0.95000    -0.51776          -0.27099     0.03672     1.28578        1.32250
   0.96000    -0.51996          -0.22020     0.02424     1.29650        1.32074
   0.97000    -0.52165          -0.16919     0.01431     1.30476        1.31907
   0.98000    -0.52283          -0.11802     0.00696     1.31053        1.31749
   0.99000    -0.52350          -0.06673     0.00223     1.31380        1.31603
   1.00000    -0.52365          -0.01537     0.00012     1.31456        1.31467
   1.01000    -0.52329           0.03600     0.00065     1.31279        1.31344
   1.02000    -0.52242           0.08733     0.00381     1.30851        1.31233
   1.03000    -0.52103           0.13858     0.00960     1.30174        1.31134
   1.04000    -0.51914           0.18970     0.01799     1.29249        1.31048
   1.05000    -0.51673           0.24062     0.02895     1.28080        1.30975
   1.06000    -0.51382           0.29131     0.04243     1.26672        1.30915
   1.07000    -0.51040           0.34172     0.05839     1.25029        1.30868
   1.08000    -0.50648           0.39179     0.07675     1.23158        1.30833
   1.09000    -0.50207           0.44148     0.09745     1.21066        1.30811
   1.10000    -0.49716           0.49073     0.12041     1.18759        1.30800
   1.11000    -0.49177           0.53950     0.14553     1.16248        1.30801
   1.12000    -0.48589           0.58774     0.17272     1.13540        1.30812
   1.13000    -0.47953           0.63541     0.20187     1.10647        1.30834
   1.14000    -0.47271           0.68245     0.23287     1.07578        1.30865
   1.15000    -0.46542           0.72882     0.26559     1.04346        1.30905
   1.16000    -0.45768           0.77448     0.29991     1.00963        1.30954
   1.17000    -0.44948           0.81938     0.33569     0.97441        1.31010
   1.18000    -0.44085           0.86347     0.37279     0.93793        1.31072
   1.19000    -0.43178           0.90672     0.41107     0.90034        1.31141
   1.20000    -0.42229           0.94908     0.45037     0.86178        1.31215
   1.21000    -0.41238           0.99050     0.49055     0.82239        1.31294
   1.22000    -0.40207           1.03096     0.53144     0.78234        1.31378
   1.23000    -0.39137           1.07040     0.57288     0.74176        1.31464
   1.24000    -0.38028           1.10880     0.61471     0.70083        1.31554
   1.25000    -0.36882           1.14610     0.65677     0.65970        1.31647
   1.26000    -0.35700           1.18228     0.69890     0.61852        1.31742
   1.27000    -0.34483           1.21730     0.74092     0.57747        1.31839
   1.28000    -0.33231           1.25113     0.78267     0.53671        1.31937
   1.29000    -0.31948           1.28373     0.82398     0.49639        1.32037
   1.30000    -0.30633           1.31507     0.86471     0.45668        1.32139
   1.31000    -0.29288           1.34512     0.90468     0.41773        1.32241
   1.32000    -0.27914           1.37385     0.94374     0.37971        1.32345
   1.33000    -0.26512           1.40124     0.98173     0.34276        1.32450
   1.34000    -0.25085           1.42725     1.01852     0.30704        1.32556
   1.35000    -0.23633           1.45186     1.05394     0.27269        1.32663
   1.36000    -0.22158           1.47504     1.08787     0.23985        1.32772
   1.37000    -0.20662           1.49678     1.12017     0.20865        1.32882
   1.38000    -0.19144           1.51705     1.15071     0.17923        1.32994
   1.39000    -0.17609           1.53583     1.17938     0.15169        1.33108
   1.40000    -0.16056           1.55310     1.20606     0.12617        1.33223
   1.41000    -0.14487           1.56885     1.23065     0.10276        1.33341
   1.42000    -0.12904           1.58306     1.25304     0.08156        1.33460
   1.43000    -0.11308           1.59572     1.27316     0.06265        1.33582
   1.44000    -0.09701           1.60681     1.29093     0.04613        1.33705
   1.45000    -0.08085           1.61633     1.30626     0.03204        1.33831
   1.46000    -0.06461           1.62426     1.31911     0.02047        1.33958
   1.47000    -0.04830           1.63060     1.32943     0.01144        1.34087
   1.48000    -0.03195           1.63534     1.33717     0.00501        1.34217
   1.49000    -0.01556           1.63847     1.34230     0.00119        1.34348
   1.50000     0.00084           1.64000     1.34480     0.00000        1.34480
   1.51000     0.01724           1.63992     1.34466     0.00146        1.34612
   1.52000     0.03362           1.63823     1.34189     0.00554        1.34743
   1.53000     0.04997           1.63493     1.33649     0.01225        1.34874
   1.54000     0.06627           1.63003     1.32849     0.02153        1.35002
   1.55000     0.08251           1.62352     1.31791     0.03337        1.35128
   1.56000     0.09866           1.61543     1.30481     0.04771        1.35251
   1.57000     0.11472           1.60575     1.28922     0.06448        1.35370
   1.58000     0.13066           1.59450     1.27121     0.08362        1.35483
   1.59000     0.14648           1.58168     1.25086     0.10505        1.35591
   1.60000     0.16215           1.56731     1.22823     0.12869        1.35692
   1.61000     0.17767           1.55140     1.20343     0.15442        1.35785
   1.62000     0.19301           1.53397     1.17654     0.18215        1.35869
   1.63000     0.20816           1.51504     1.14767     0.21176        1.35944
   1.64000     0.22310           1.49462     1.11695     0.24313        1.36008
   1.65000     0.23783           1.47273     1.08447     0.27614        1.36061
   1.66000     0.25232           1.44940     1.05038     0.31063        1.36102
   1.67000     0.26657           1.42465     1.01481     0.34649        1.36130
   1.68000     0.28056           1.39850     0.97790     0.38355        1.36145
   1.69000     0.29426           1.37098     0.93979     0.42168        1.36147
   1.70000     0.30769           1.34211     0.90063     0.46071        1.36134
   1.71000     0.32081           1.31193     0.86057     0.50049        1.36106
   1.72000     0.33361           1.28045     0.81978     0.54086        1.36064
   1.73000     0.34609           1.24773     0.77841     0.58166        1.36007
   1.74000     0.35822           1.21378     0.73663     0.62273        1.35936
   1.75000     0.37001           1.17863     0.69459     0.66391        1.35850
   1.76000     0.38143           1.14234     0.65247     0.70503        1.35750
   1.77000     0.39248           1.10492     0.61042     0.74593        1.35636
   1.78000     0.40315           1.06642     0.56862     0.78646        1.35508
   1.79000     0.41342           1.02687     0.52723     0.82646        1.35368
   1.80000     0.42328           0.98631     0.48640     0.86576        1.35217
   1.81000     0.43273           0.94479     0.44631     0.90423        1.35054
   1.82000     0.44175           0.90234     0.40710     0.94172        1.34882
   1.83000     0.45034           0.85900     0.36894     0.97807        1.34701
   1.84000     0.45849           0.81482     0.33197     1.01315        1.34512
   1.85000     0.46619           0.76984     0.29633     1.04684        1.34317
   1.86000     0.47343           0.72411     0.26217     1.07900        1.34117
   1.87000     0.48021           0.67767     0.22962     1.10951        1.33913
   1.88000     0.48651           0.63056     0.19880     1.13826        1.33706
   1.89000     0.49234           0.58283     0.16985     1.16514        1.33498
   1.90000     0.49768           0.53453     0.14286     1.19005        1.33291
   1.91000     0.50254           0.48571     0.11796     1.21290        1.33085
   1.92000     0.50691           0.43641     0.09523     1.23360        1.32883
   1.93000     0.51077           0.38668     0.07476     1.25208        1.32684
   1.94000     0.51414           0.33658     0.05664     1.26827        1.32491
   1.95000     0.51700           0.28614     0.04094     1.28211        1.32305
   1.96000     0.51935           0.23542     0.02771     1.29355        1.32126
   1.97000     0.52120           0.18447     0.01702     1.30254        1.31956
   1.98000     0.52253           0.13334     0.00889     1.30906        1.31795
   1.99000     0.52335           0.08208     0.00337     1.31309        1.31645
   2.00000     0.52366           0.03074     0.00047     1.31459        1.31507
   2.01000     0.52345          -0.02063     0.00021     1.31358        1.31379
   2.02000     0.52273          -0.07198     0.00259     1.31005        1.31264
   2.03000     0.52150          -0.12326     0.00760     1.30402        1.31162
   2.04000     0.51976          -0.17442     0.01521     1.29551        1.31072
   2.05000     0.51750          -0.22541     0.02540     1.28455        1.30996
   2.06000     0.51474          -0.27617     0.03814     1.27118        1.30932
   2.07000     0.51148          -0.32667     0.05336     1.25545        1.30881
   2.08000     0.50771          -0.37685     0.07101     1.23742        1.30842
   2.09000     0.50344          -0.42665     0.09102     1.21715        1.30816
   2.10000     0.49868          -0.47604     0.11331     1.19471        1.30802
   2.11000     0.49343          -0.52496     0.13779     1.17020        1.30799
   2.12000     0.48770          -0.57336     0.16437     1.14370        1.30808
   2.13000     0.48148          -0.62121     0.19295     1.11531        1.30826
   2.14000     0.47480          -0.66844     0.22341     1.08514        1.30855
   2.15000     0.46765          -0.71502     0.25563     1.05330        1.30892
   2.16000     0.46004          -0.76090     0.28948     1.01990        1.30938
   2.17000     0.45198          -0.80603     0.32484     0.98508        1.30992
   2.18000     0.44348          -0.85037     0.36156     0.94897        1.31053
   2.19000     0.43454          -0.89387     0.39950     0.91170        1.31120
   2.20000     0.42517          -0.93650     0.43851     0.87341        1.31193
   2.21000     0.41539          -0.97821     0.47845     0.83426        1.31270
   2.22000     0.40520          -1.01896     0.51914     0.79439        1.31352
   2.23000     0.39461          -1.05871     0.56043     0.75395        1.31438
   2.24000     0.38364          -1.09742     0.60217     0.71311        1.31527
   2.25000     0.37229          -1.13505     0.64417     0.67202        1.31619
   2.26000     0.36057          -1.17158     0.68630     0.63084        1.31713
   2.27000     0.34850          -1.20695     0.72836     0.58973        1.31810
   2.28000     0.33609          -1.24114     0.77021     0.54887        1.31908
   2.29000     0.32335          -1.27411     0.81168     0.50840        1.32007
   2.30000     0.31029          -1.30583     0.85259     0.46849        1.32108
   2.31000     0.29693          -1.33627     0.89281     0.42930        1.32210
   2.32000     0.28328          -1.36540     0.93216     0.39098        1.32314
   2.33000     0.26935          -1.39319     0.97049     0.35370        1.32418
   2.34000     0.25515          -1.41961     1.00765     0.31759        1.32524
   2.35000     0.24070          -1.44464     1.04349     0.28282        1.32631
   2.36000     0.22602          -1.46825     1.07788     0.24951        1.32739
   2.37000     0.21112          -1.49043     1.11068     0.21781        1.32849
   2.38000     0.19600          -1.51114     1.14177     0.18784        1.32960
   2.39000     0.18070          -1.53036     1.17101     0.15973        1.33073
   2.40000     0.16522          -1.54809     1.19829     0.13359        1.33188
   2.41000     0.14958          -1.56430     1.22352     0.10954        1.33305
   2.42000     0.13379          -1.57897     1.24658     0.08766        1.33424
   2.43000     0.11787          -1.59210     1.26739     0.06806        1.33545
   2.44000     0.10183          -1.60366     1.28586     0.05082        1.33668
   2.45000     0.08569          -1.61365     1.30193     0.03600        1.33793
   2.46000     0.06947          -1.62206     1.31553     0.02366        1.33920
   2.47000     0.05318          -1.62887     1.32661     0.01387        1.34048
   2.48000     0.03684          -1.63409     1.33512     0.00666        1.34178
   2.49000     0.02047          -1.63770     1.34104     0.00205        1.34309
   2.50000     0.00407          -1.63971     1.34433     0.00008        1.34441
   2.51000    -0.01233          -1.64011     1.34498     0.00075        1.34573
   2.52000    -0.02872          -1.63890     1.34300     0.00405        1.34704
   2.53000    -0.04508          -1.63608     1.33838     0.00997        1.34835
   2.54000    -0.06140          -1.63166     1.33116     0.01848        1.34964
   2.55000    -0.07765          -1.62564     1.32135     0.02956        1.35091
   2.56000    -0.09383          -1.61802     1.30899     0.04316        1.35215
   2.57000    -0.10992          -1.60881     1.29414     0.05921        1.35335
   2.58000    -0.12590          -1.59803     1.27685     0.07765        1.35450
   2.59000    -0.14176          -1.58568     1.25719     0.09841        1.35559
   2.60000    -0.15748          -1.57177     1.23523     0.12139        1.35662
   2.61000    -0.17304          -1.55632     1.21107     0.14651        1.35758
   2.62000    -0.18843          -1.53935     1.18480     0.17365        1.35845
   2.63000    -0.20364          -1.52086     1.15651     0.20271        1.35922
   2.64000    -0.21865          -1.50089     1.12633     0.23357        1.35990
   2.65000    -0.23345          -1.47944     1.09436     0.26610        1.36046
   2.66000    -0.24801          -1.45653     1.06075     0.30016        1.36091
   2.67000    -0.26233          -1.43220     1.02561     0.33563        1.36123
   2.68000    -0.27640          -1.40647     0.98908     0.37234        1.36142
   2.69000    -0.29019          -1.37935     0.95131     0.41017        1.36148
   2.70000    -0.30370          -1.35089     0.91245     0.44894        1.36139
   2.71000    -0.31691          -1.32109     0.87264     0.48852        1.36116
   2.72000    -0.32981          -1.29000     0.83206     0.52873        1.36078
   2.73000    -0.34239          -1.25765     0.79084     0.56942        1.36026
   2.74000    -0.35463          -1.22406     0.74916     0.61042        1.35959
   2.75000    -0.36652          -1.18927     0.70719     0.65159        1.35877
   2.76000    -0.37805          -1.15332     0.66507     0.69274        1.35781
   2.77000    -0.38922          -1.11623     0.62298     0.73373        1.35671
   2.78000    -0.40000          -1.07805     0.58109     0.77438        1.35548
   2.79000    -0.41039          -1.03881     0.53956     0.81455        1.35412
   2.80000    -0.42037          -0.99855     0.49855     0.85408        1.35263
   2.81000    -0.42994          -0.95731     0.45822     0.89282        1.35104
   2.82000    -0.43910          -0.91513     0.41873     0.93061        1.34935
   2.83000    -0.44782          -0.87206     0.38024     0.96732        1.34756
   2.84000    -0.45610          -0.82813     0.34290     1.00280        1.34569
   2.85000    -0.46393          -0.78338     0.30685     1.03691        1.34376
   2.86000    -0.47131          -0.73787     0.27223     1.06954        1.34177
   2.87000    -0.47823          -0.69164     0.23918     1.10056        1.33974
   2.88000    -0.48467          -0.64472     0.20783     1.12985        1.33768
   2.89000    -0.49065          -0.59718     0.17831     1.15730        1.33561
   2.90000    -0.49614          -0.54904     0.15072     1.18281        1.33353
   2.91000    -0.50114          -0.50037     0.12519     1.20628        1.33147
   2.92000    -0.50565          -0.45121     0.10180     1.22763        1.32943
   2.93000    -0.50967          -0.40161     0.08064     1.24679        1.32743
   2.94000    -0.51318          -0.35161     0.06181     1.26367        1.32548
   2.95000    -0.51620          -0.30126     0.04538     1.27822        1.32360
   2.96000    -0.51870          -0.25063     0.03141     1.29038        1.32179
   2.97000    -0.52070          -0.19974     0.01995     1.30011        1.32006
   2.98000    -0.52219          -0.14866     0.01105     1.30737        1.31842
   2.99000    -0.52316          -0.09743     0.00475     1.31215        1.31689
   3.00000    -0.52362          -0.04611     0.00106     1.31441        1.31547
   3.01000    -0.52357           0.00526     0.00001     1.31415        1.31416
   3.02000    -0.52300           0.05662     0.00160     1.31137        1.31298
   3.03000    -0.52192           0.10792     0.00582     1.30609        1.31191
   3.04000    -0.52033           0.15913     0.01266     1.29832        1.31098
   3.05000    -0.51823           0.21017     0.02209     1.28809        1.31017
   3.06000    -0.51562           0.26101     0.03406     1.27543        1.30949
   3.07000    -0.51251           0.31159     0.04854     1.26040        1.30895
   3.08000    -0.50889           0.36187     0.06547     1.24305        1.30852
   3.09000    -0.50477           0.41179     0.08479     1.22344        1.30823
   3.10000    -0.50016           0.46131     0.10640     1.20165        1.30805
   3.11000    -0.49505           0.51037     0.13024     1.17775        1.30799
   3.12000    -0.48946           0.55894     0.15621     1.15184        1.30804
   3.13000    -0.48339           0.60695     0.18420     1.12400        1.30820
   3.14000    -0.47685           0.65437     0.21410     1.09435        1.30845
   3.15000    -0.46984           0.70115     0.24581     1.06300        1.30880
   3.16000    -0.46237           0.74724     0.27919     1.03005        1.30924
   3.17000    -0.45444           0.79260     0.31411     0.99564        1.30975
   3.18000    -0.44607           0.83718     0.35044     0.95990        1.31034
   3.19000    -0.43726           0.88094     0.38803     0.92296        1.31099
   3.20000    -0.42802           0.92384     0.42674     0.88497        1.31170
   3.21000    -0.41836           0.96583     0.46641     0.84606        1.31247
   3.22000    -0.40829           1.00687     0.50689     0.80638        1.31327
   3.23000    -0.39782           1.04692     0.54802     0.76610        1.31412
   3.24000    -0.38696           1.08595     0.58964     0.72536        1.31500
   3.25000    -0.37573           1.12391     0.63158     0.68433        1.31591
   3.26000    -0.36412           1.16077     0.67369     0.64316        1.31685
   3.27000    -0.35215           1.19649     0.71579     0.60202        1.31781
   3.28000    -0.33984           1.23103     0.75772     0.56106        1.31878
   3.29000    -0.32720           1.26437     0.79932     0.52046        1.31977
   3.30000    -0.31423           1.29647     0.84042     0.48036        1.32078
   3.31000    -0.30096           1.32730     0.88086     0.44094        1.32180
   3.32000    -0.28739           1.35682     0.92048     0.40235        1.32283
   3.33000    -0.27354           1.38501     0.95913     0.36474        1.32387
   3.34000    -0.25942           1.41185     0.99666     0.32826        1.32492
   3.35000    -0.24505           1.43730     1.03291     0.29307        1.32599
   3.36000    -0.23044           1.46134     1.06775     0.25931        1.32707
   3.37000    -0.21560           1.48394     1.10104     0.22712        1.32816
   3.38000    -0.20055           1.50509     1.13265     0.19662        1.32927
   3.39000    -0.18530           1.52477     1.16246     0.16794        1.33039
   3.40000    -0.16987           1.54294     1.19034     0.14120        1.33154
   3.41000    -0.15427           1.55961     1.21619     0.11651        1.33270
   3.42000    -0.13853           1.57474     1.23991     0.09397        1.33388
   3.43000    -0.12264           1.58833     1.26140     0.07369        1.33509
   3.44000    -0.10664           1.60036     1.28058     0.05573        1.33631
   3.45000    -0.09053           1.61083     1.29738     0.04017        1.33755
   3.46000    -0.07433           1.61971     1.31172     0.02709        1.33882
   3.47000    -0.05806           1.62700     1.32356     0.01653        1.34010
   3.48000    -0.04174           1.63270     1.33285     0.00854        1.34139
   3.49000    -0.02537           1.63679     1.33954     0.00316        1.34270
   3.50000    -0.00898           1.63928     1.34362     0.00040        1.34401
   3.51000     0.00742           1.64016     1.34506     0.00027        1.34533
   3.52000     0.02382           1.63943     1.34387     0.00278        1.34665
   3.53000     0.04019           1.63709     1.34004     0.00792        1.34796
   3.54000     0.05652           1.63315     1.33359     0.01567        1.34926
   3.55000     0.07280           1.62761     1.32455     0.02598        1.35053
   3.56000     0.08900           1.62046     1.31295     0.03883        1.35178
   3.57000     0.10512           1.61173     1.29884     0.05415        1.35299
   3.58000     0.12113           1.60142     1.28228     0.07189        1.35416
   3.59000     0.13703           1.58954     1.26332     0.09196        1.35527
   3.60000     0.15279           1.57610     1.24204     0.11428        1.35632
   3.61000     0.16840           1.56111     1.21853     0.13877        1.35730
   3.62000     0.18385           1.54459     1.19287     0.16532        1.35820
   3.63000     0.19911           1.52655     1.16518     0.19382        1.35900
   3.64000     0.21418           1.50702     1.13555     0.22415        1.35971
   3.65000     0.22904           1.48601     1.10411     0.25620        1.36031
   3.66000     0.24368           1.46354     1.07097     0.28982        1.36079
   3.67000     0.25807           1.43963     1.03627     0.32488        1.36115
   3.68000     0.27222           1.41432     1.00015     0.36123        1.36138
   3.69000     0.28609           1.38761     0.96273     0.39874        1.36147
   3.70000     0.29969           1.35955     0.92418     0.43725        1.36143
   3.71000     0.31299           1.33015     0.88464     0.47660        1.36124
   3.72000     0.32599           1.29944     0.84427     0.51664        1.36091
   3.73000     0.33866           1.26746     0.80323     0.55720        1.36043
   3.74000     0.35100           1.23424     0.76167     0.59813        1.35980
   3.75000     0.36300           1.19981     0.71977     0.63926        1.35903
   3.76000     0.37464           1.16420     0.67768     0.68044        1.35811
   3.77000     0.38592           1.12744     0.63557     0.72149        1.35705
   3.78000     0.39681           1.08959     0.59360     0.76226        1.35586
   3.79000     0.40732           1.05066     0.55194     0.80259        1.35454
   3.80000     0.41743           1.01070     0.51076     0.84233        1.35309
   3.81000     0.42712           0.96975     0.47021     0.88132        1.35153
   3.82000     0.43640           0.92785     0.43045     0.91941        1.34986
   3.83000     0.44525           0.88504     0.39165     0.95646        1.34810
   3.84000     0.45367           0.84136     0.35394     0.99232        1.34626
   3.85000     0.46163           0.79686     0.31749     1.02686        1.34435
   3.86000     0.46915           0.75157     0.28243     1.05994        1.34237
   3.87000     0.47621           0.70555     0.24890     1.09145        1.34035
   3.88000     0.48279           0.65883     0.21703     1.12127        1.33830
   3.89000     0.48891           0.61147     0.18695     1.14928        1.33623
   3.90000     0.49454           0.56351     0.15877     1.17538        1.33415
   3.91000     0.49969           0.51499     0.13261     1.19948        1.33208
   3.92000     0.50435           0.46597     0.10856     1.22147        1.33004
   3.93000     0.50852           0.41649     0.08673     1.24129        1.32802
   3.94000     0.51218           0.36661     0.06720     1.25886        1.32606
   3.95000     0.51535           0.31636     0.05004     1.27411        1.32415
   3.96000     0.51801           0.26581     0.03533     1.28699        1.32232
   3.97000     0.52016           0.21499     0.02311     1.29745        1.32057
   3.98000     0.52180           0.16396     0.01344     1.30546        1.31890
   3.99000     0.52292           0.11278     0.00636     1.31098        1.31734
   4.00000     0.52354           0.06148     0.00189     1.31399        1.31588
   4.01000     0.52364           0.01012     0.00005     1.31449        1.31454
   4.02000     0.52323          -0.04125     0.00085     1.31247        1.31332
   4.03000     0.52230          -0.09258     0.00429     1.30793        1.31222
   4.04000     0.52086          -0.14382     0.01034     1.30090        1.31124
   4.05000     0.51891          -0.19491     0.01900     1.29140        1.31040
   4.06000     0.51646          -0.24582     0.03021     1.27947        1.30968
   4.07000     0.51349          -0.29648     0.04395     1.26515        1.30910
   4.08000     0.51002          -0.34686     0.06016     1.24848        1.30864
   4.09000     0.50605          -0.39689     0.07876     1.22954        1.30830
   4.10000     0.50159          -0.44653     0.09970     1.20839        1.30809
   4.11000     0.49663          -0.49574     0.12288     1.18512        1.30800
   4.12000     0.49119          -0.54446     0.14822     1.15980        1.30801
   4.13000     0.48526          -0.59265     0.17561     1.13253        1.30814
   4.14000     0.47886          -0.64025     0.20496     1.10341        1.30837
   4.15000     0.47198          -0.68723     0.23614     1.07255        1.30869
   4.16000     0.46465          -0.73353     0.26903     1.04007        1.30910
   4.17000     0.45686          -0.77911     0.30351     1.00609        1.30959
   4.18000     0.44862          -0.82393     0.33943     0.97073        1.31016
   4.19000     0.43994          -0.86794     0.37666     0.93413        1.31079
   4.20000     0.43083          -0.91109     0.41505     0.89644        1.31148
   4.21000     0.42130          -0.95336     0.45445     0.85779        1.31223
   4.22000     0.41135          -0.99469     0.49470     0.81833        1.31303
   4.23000     0.40100          -1.03504     0.53566     0.77821        1.31386
   4.24000     0.39025          -1.07438     0.57715     0.73759        1.31474
   4.25000     0.37913          -1.11266     0.61901     0.69663        1.31564
   4.26000     0.36763          -1.14986     0.66108     0.65548        1.31657
   4.27000     0.35577          -1.18592     0.70320     0.61432        1.31752
   4.28000     0.34356          -1.22082     0.74520     0.57329        1.31849
   4.29000     0.33102          -1.25452     0.78692     0.53256        1.31948
   4.30000     0.31815          -1.28700     0.82818     0.49230        1.32048
   4.31000     0.30496          -1.31821     0.86883     0.45266        1.32149
   4.32000     0.29148          -1.34812     0.90872     0.41380        1.32252
   4.33000     0.27772          -1.37672     0.94768     0.37588        1.32355
   4.34000     0.26368          -1.40396     0.98556     0.33905        1.32460
   4.35000     0.24938          -1.42983     1.02221     0.30346        1.32567
   4.36000     0.23483          -1.45429     1.05748     0.26926        1.32674
   4.37000     0.22006          -1.47733     1.09125     0.23658        1.32783
   4.38000     0.20507          -1.49892     1.12338     0.20556        1.32893
   4.39000     0.18988          -1.51904     1.15373     0.17632        1.33006
   4.40000     0.17451          -1.53766     1.18220     0.14899        1.33119
   4.41000     0.15896          -1.55478     1.20867     0.12368        1.33235
   4.42000     0.14325          -1.57038     1.23304     0.10049        1.33353
   4.43000     0.12741          -1.58443     1.25521     0.07952        1.33472
   4.44000     0.11144          -1.59693     1.27509     0.06085        1.33594
   4.45000     0.09536          -1.60786     1.29261     0.04457        1.33718
   4.46000     0.07919          -1.61722     1.30769     0.03074        1.33844
   4.47000     0.06294          -1.62498     1.32029     0.01942        1.33971
   4.48000     0.04663          -1.63116     1.33034     0.01066        1.34100
   4.49000     0.03027          -1.63573     1.33781     0.00449        1.34230
   4.50000     0.01388          -1.63870     1.34267     0.00095        1.34362
   4.51000    -0.00252          -1.64006     1.34490     0.00003        1.34494
   4.52000    -0.01892          -1.63982     1.34450     0.00175        1.34625
   4.53000    -0.03529          -1.63796     1.34146     0.00611        1.34757
   4.54000    -0.05164          -1.63450     1.33579     0.01308        1.34887
   4.55000    -0.06793          -1.62943     1.32753     0.02263        1.35015
   4.56000    -0.08416          -1.62277     1.31669     0.03472        1.35141
   4.57000    -0.10031          -1.61451     1.30333     0.04931        1.35264
   4.58000    -0.11635          -1.60467     1.28749     0.06633        1.35382
   4.59000    -0.13229          -1.59326     1.26924     0.08571        1.35495
   4.60000    -0.14809          -1.58028     1.24864     0.10737        1.35602
   4.61000    -0.16375          -1.56575     1.22579     0.13122        1.35702
   4.62000    -0.17924          -1.54969     1.20077     0.15717        1.35794
   4.63000    -0.19456          -1.53211     1.17367     0.18510        1.35877
   4.64000    -0.20969          -1.51302     1.14461     0.21489        1.35951
   4.65000    -0.22462          -1.49245     1.11370     0.24644        1.36014
   4.66000    -0.23932          -1.47041     1.08106     0.27960        1.36066
   4.67000    -0.25379          -1.44694     1.04681     0.31424        1.36105
   4.68000    -0.26801          -1.42204     1.01110     0.35023        1.36132
   4.69000    -0.28197          -1.39575     0.97405     0.38741        1.36146
   4.70000    -0.29565          -1.36809     0.93583     0.42563        1.36146
   4.71000    -0.30904          -1.33908     0.89657     0.46475        1.36132
   4.72000    -0.32213          -1.30876     0.85643     0.50459        1.36103
   4.73000    -0.33490          -1.27716     0.81557     0.54502        1.36059
   4.74000    -0.34734          -1.24431     0.77415     0.58585        1.36001
   4.75000    -0.35945          -1.21024     0.73234     0.62694        1.35928
   4.76000    -0.37120          -1.17497     0.69028     0.66812        1.35840
   4.77000    -0.38258          -1.13856     0.64816     0.70923        1.35739
   4.78000    -0.39359          -1.10103     0.60613     0.75010        1.35623
   4.79000    -0.40422          -1.06242     0.56436     0.79058        1.35494
   4.80000    -0.41444          -1.02276     0.52302     0.83051        1.35353
   4.81000    -0.42427          -0.98211     0.48227     0.86974        1.35201
   4.82000    -0.43367          -0.94049     0.44226     0.90812        1.35037
   4.83000    -0.44265          -0.89794     0.40315     0.94549        1.34864
   4.84000    -0.45119          -0.85452     0.36510     0.98172        1.34682
   4.85000    -0.45930          -0.81026     0.32826     1.01667        1.34492
   4.86000    -0.46695          -0.76520     0.29277     1.05020        1.34297
   4.87000    -0.47414          -0.71939     0.25876     1.08220        1.34096
   4.88000    -0.48087          -0.67288     0.22638     1.11253        1.33892
   4.89000    -0.48713          -0.62570     0.19575     1.14110        1.33685
   4.90000    -0.49291          -0.57792     0.16699     1.16778        1.33477
   4.91000    -0.49820          -0.52956     0.14022     1.19248        1.33270
   4.92000    -0.50301          -0.48069     0.11553     1.21511        1.33065
   4.93000    -0.50732          -0.43134     0.09303     1.23559        1.32862
   4.94000    -0.51114          -0.38158     0.07280     1.25384        1.32664
   4.95000    -0.51445          -0.33143     0.05492     1.26979        1.32472
   4.96000    -0.51726          -0.28096     0.03947     1.28339        1.32286
   4.97000    -0.51957          -0.23022     0.02650     1.29458        1.32108
   4.98000    -0.52136          -0.17925     0.01607     1.30332        1.31939
   4.99000    -0.52264          -0.12811     0.00821     1.30959        1.31780
   5.00000    -0.52341          -0.07684     0.00295     1.31336        1.31631
   5.01000    -0.52366          -0.02549     0.00032     1.31461        1.31493
   5.02000    -0.52340           0.02588     0.00033     1.31334        1.31367
   5.03000    -0.52263           0.07723     0.00298     1.30955        1.31253
   5.04000    -0.52135           0.12850     0.00826     1.30327        1.31152
   5.05000    -0.51955           0.17964     0.01614     1.29450        1.31064
   5.06000    -0.51724           0.23061     0.02659     1.28329        1.30988
   5.07000    -0.51443           0.28135     0.03958     1.26968        1.30926
   5.08000    -0.51111           0.33182     0.05505     1.25371        1.30876
   5.09000    -0.50729           0.38196     0.07295     1.23544        1.30839
   5.10000    -0.50298           0.43172     0.09319     1.21495        1.30814
   5.11000    -0.49817           0.48107     0.11571     1.19230        1.30801
   5.12000    -0.49287           0.52994     0.14042     1.16758        1.30800
   5.13000    -0.48708           0.57829     0.16721     1.14088        1.30809
   5.14000    -0.48082           0.62607     0.19598     1.11231        1.30829
   5.15000    -0.47409           0.67324     0.22662     1.08196        1.30858
   5.16000    -0.46689           0.71975     0.25902     1.04995        1.30897
   5.17000    -0.45924           0.76555     0.29303     1.01640        1.30944
   5.18000    -0.45113           0.81060     0.32854     0.98145        1.30998
   5.19000    -0.44258           0.85485     0.36539     0.94521        1.31059
   5.20000    -0.43360           0.89827     0.40345     0.90782        1.31127
   5.21000    -0.42419           0.94081     0.44256     0.86944        1.31200
   5.22000    -0.41437           0.98242     0.48258     0.83021        1.31278
   5.23000    -0.40414           1.02307     0.52334     0.79027        1.31361
   5.24000    -0.39351           1.06272     0.56468     0.74979        1.31447
   5.25000    -0.38250           1.10132     0.60645     0.70891        1.31536
   5.26000    -0.37111           1.13884     0.64848     0.66780        1.31629
   5.27000    -0.35936           1.17525     0.69060     0.62663        1.31723
   5.28000    -0.34725           1.21050     0.73266     0.58554        1.31820
   5.29000    -0.33480           1.24457     0.77447     0.54471        1.31918
   5.30000    -0.32203           1.27741     0.81589     0.50429        1.32018
   5.31000    -0.30894           1.30900     0.85674     0.46444        1.32119
   5.32000    -0.29555           1.33931     0.89687     0.42533        1.32221
   5.33000    -0.28186           1.36830     0.93613     0.38712        1.32324
   5.34000    -0.26791           1.39595     0.97434     0.34995        1.32429
   5.35000    -0.25368           1.42223     1.01138     0.31397        1.32535
   5.36000    -0.23921           1.44712     1.04708     0.27934        1.32642
   5.37000    -0.22451           1.47059     1.08131     0.24619        1.32750
   5.38000    -0.20958           1.49261     1.11394     0.21466        1.32860
   5.39000    -0.19445           1.51317     1.14484     0.18487        1.32972
   5.40000    -0.17913           1.53225     1.17389     0.15696        1.33085
   5.41000    -0.16363           1.54982     1.20097     0.13103        1.33200
   5.42000    -0.14797           1.56587     1.22598     0.10720        1.33317
   5.43000    -0.13216           1.58039     1.24881     0.08555        1.33436
   5.44000    -0.11623           1.59335     1.26938     0.06619        1.33558
   5.45000    -0.10018           1.60475     1.28762     0.04919        1.33681
   5.46000    -0.08404           1.61458     1.30344     0.03462        1.33806
   5.47000    -0.06781           1.62283     1.31678     0.02255        1.33933
   5.48000    -0.05151           1.62948     1.32760     0.01301        1.34061
   5.49000    -0.03517           1.63453     1.33585     0.00607        1.34191
   5.50000    -0.01879           1.63798     1.34149     0.00173        1.34322
   5.51000    -0.00239           1.63983     1.34451     0.00003        1.34454
   5.52000     0.01401           1.64006     1.34490     0.00096        1.34586
   5.53000     0.03040           1.63869     1.34264     0.00453        1.34718
   5.54000     0.04675           1.63570     1.33776     0.01072        1.34848
   5.55000     0.06306           1.63112     1.33027     0.01950        1.34977
   5.56000     0.07931           1.62493     1.32020     0.03084        1.35104
   5.57000     0.09549           1.61715     1.30759     0.04469        1.35227
   5.58000     0.11156           1.60778     1.29248     0.06099        1.35347
   5.59000     0.12753           1.59684     1.27495     0.07967        1.35461
   5.60000     0.14337           1.58433     1.25505     0.10066        1.35570
   5.61000     0.15908           1.57026     1.23286     0.12386        1.35672
   5.62000     0.17462           1.55466     1.20848     0.14919        1.35767
   5.63000     0.19000           1.53753     1.18199     0.17654        1.35853
   5.64000     0.20519           1.51889     1.15351     0.20579        1.35930
   5.65000     0.22018           1.49876     1.12314     0.23682        1.35996
   5.66000     0.23495           1.47716     1.09100     0.26951        1.36051
   5.67000     0.24949           1.45411     1.05722     0.30373        1.36095
   5.68000     0.26378           1.42964     1.02193     0.33933        1.36126
   5.69000     0.27782           1.40376     0.98527     0.37616        1.36143
   5.70000     0.29159           1.37650     0.94738     0.41409        1.36147
   5.71000     0.30507           1.34790     0.90842     0.45296        1.36137
   5.72000     0.31825           1.31797     0.86853     0.49260        1.36113
   5.73000     0.33111           1.28675     0.82787     0.53287        1.36074
   5.74000     0.34366           1.25427     0.78660     0.57360        1.36020
   5.75000     0.35586           1.22056     0.74488     0.61463        1.35951
   5.76000     0.36772           1.18565     0.70288     0.65580        1.35868
   5.77000     0.37921           1.14957     0.66076     0.69694        1.35770
   5.78000     0.39034           1.11237     0.61869     0.73790        1.35659
   5.79000     0.40108           1.07408     0.57683     0.77852        1.35534
   5.80000     0.41143           1.03474     0.53534     0.81863        1.35397
   5.81000     0.42137           0.99437     0.49439     0.85809        1.35248
   5.82000     0.43090           0.95304     0.45414     0.89673        1.35087
   5.83000     0.44001           0.91077     0.41475     0.93442        1.34917
   5.84000     0.44868           0.86760     0.37637     0.97101        1.34737
   5.85000     0.45692           0.82359     0.33915     1.00635        1.34550
   5.86000     0.46471           0.77876     0.30324     1.04032        1.34356
   5.87000     0.47204           0.73317     0.26877     1.07279        1.34157
   5.88000     0.47891           0.68687     0.23589     1.10364        1.33953
   5.89000     0.48531           0.63989     0.20473     1.13274        1.33747
   5.90000     0.49123           0.59228     0.17540     1.16000        1.33539
   5.91000     0.49667           0.54409     0.14802     1.18530        1.33332
   5.92000     0.50162           0.49537     0.12269     1.20856        1.33126
   5.93000     0.50609           0.44616     0.09953     1.22970        1.32922
   5.94000     0.51005           0.39651     0.07861     1.24862        1.32723
   5.95000     0.51352           0.34647     0.06002     1.26526        1.32529
   5.96000     0.51648           0.29610     0.04384     1.27957        1.32341
   5.97000     0.51893           0.24543     0.03012     1.29149        1.32160
   5.98000     0.52088           0.19452     0.01892     1.30097        1.31989
   5.99000     0.52231           0.14343     0.01029     1.30798        1.31826
   6.00000     0.52323           0.09219     0.00425     1.31249        1.31674
   6.01000     0.52364           0.04086     0.00083     1.31450        1.31533
   6.02000     0.52354          -0.01051     0.00006     1.31398        1.31404
   6.03000     0.52292          -0.06187     0.00191     1.31095        1.31286
   6.04000     0.52179          -0.11317     0.00640     1.30541        1.31181
   6.05000     0.52014          -0.16435     0.01351     1.29738        1.31089
   6.06000     0.51799          -0.21538     0.02319     1.28690        1.31010
   6.07000     0.51533          -0.26620     0.03543     1.27400        1.30943
   6.08000     0.51216          -0.31675     0.05016     1.25873        1.30890
   6.09000     0.50849          -0.36699     0.06734     1.24115        1.30849
   6.10000     0.50432          -0.41687     0.08689     1.22131        1.30820
   6.11000     0.49966          -0.46635     0.10874     1.19930        1.30804
   6.12000     0.49450          -0.51536     0.13280     1.17519        1.30799
   6.13000     0.48886          -0.56387     0.15898     1.14907        1.30805
   6.14000     0.48275          -0.61183     0.18717     1.12105        1.30822
   6.15000     0.47615          -0.65919     0.21727     1.09122        1.30849
   6.16000     0.46909          -0.70590     0.24915     1.05970        1.30884
   6.17000     0.46158          -0.75192     0.28269     1.02660        1.30929
   6.18000     0.45360          -0.79720     0.31776     0.99205        1.30981
   6.19000     0.44519          -0.84170     0.35423     0.95618        1.31040
   6.20000     0.43633          -0.88537     0.39194     0.91912        1.31106
   6.21000     0.42705          -0.92817     0.43075     0.88102        1.31178
   6.22000     0.41735          -0.97007     0.47052     0.84203        1.31255
   6.23000     0.40724          -1.01101     0.51107     0.80229        1.31336
   6.24000     0.39673          -1.05096     0.55226     0.76195        1.31421
   6.25000     0.38583          -1.08988     0.59392     0.72117        1.31509
   6.26000     0.37455          -1.12773     0.63589     0.68012        1.31601
   6.27000     0.36291          -1.16447     0.67800     0.63895        1.31695
   6.28000     0.35091          -1.20008     0.72009     0.59782        1.31791
   6.29000     0.33856          -1.23450     0.76199     0.55689        1.31888
   6.30000     0.32589          -1.26771     0.80355     0.51633        1.31988
   6.31000     0.31289          -1.29968     0.84459     0.47630        1.32088
   6.32000     0.29959          -1.33038     0.88495     0.43695        1.32190
   6.33000     0.28599          -1.35977     0.92448     0.39845        1.32293
   6.34000     0.27211          -1.38782     0.96302     0.36095        1.32397
   6.35000     0.25797          -1.41452     1.00043     0.32460        1.32503
   6.36000     0.24357          -1.43982     1.03654     0.28955        1.32610
   6.37000     0.22893          -1.46372     1.07123     0.25594        1.32718
   6.38000     0.21407          -1.48617     1.10436     0.22392        1.32827
   6.39000     0.19900          -1.50717     1.13579     0.19360        1.32938
   6.40000     0.18373          -1.52670     1.16540     0.16511        1.33051
   6.41000     0.16828          -1.54472     1.19308     0.13858        1.33166
   6.42000     0.15267          -1.56123     1.21872     0.11410        1.33282
   6.43000     0.13691          -1.57620     1.24221     0.09179        1.33401
   6.44000     0.12101          -1.58964     1.26347     0.07174        1.33521
   6.45000     0.10500          -1.60151     1.28241     0.05402        1.33644
   6.46000     0.08888          -1.61181     1.29896     0.03872        1.33768
   6.47000     0.07267          -1.62053     1.31305     0.02589        1.33895
   6.48000     0.05640          -1.62765     1.32463     0.01560        1.34023
   6.49000     0.04006          -1.63319     1.33365     0.00787        1.34152
   6.50000     0.02369          -1.63712     1.34008     0.00275        1.34283
   6.51000     0.00730          -1.63944     1.34389     0.00026        1.34415
   6.52000    -0.00910          -1.64016     1.34506     0.00041        1.34547
   6.53000    -0.02550          -1.63927     1.34360     0.00319        1.34678
   6.54000    -0.04186          -1.63676     1.33950     0.00859        1.34809
   6.55000    -0.05819          -1.63266     1.33279     0.01660        1.34939
   6.56000    -0.07446          -1.62695     1.32348     0.02718        1.35066
   6.57000    -0.09066          -1.61964     1.31162     0.04028        1.35191
   6.58000    -0.10676          -1.61075     1.29726     0.05586        1.35312
   6.59000    -0.12277          -1.60028     1.28044     0.07383        1.35428
   6.60000    -0.13865          -1.58823     1.26124     0.09414        1.35538
   6.61000    -0.15439          -1.57463     1.23973     0.11669        1.35643
   6.62000    -0.16999          -1.55949     1.21600     0.14140        1.35740
   6.63000    -0.18542          -1.54281     1.19013     0.16815        1.35828
   6.64000    -0.20066          -1.52462     1.16224     0.19684        1.35908
   6.65000    -0.21571          -1.50494     1.13242     0.22736        1.35977
   6.66000    -0.23055          -1.48378     1.10079     0.25957        1.36036
   6.67000    -0.24516          -1.46116     1.06749     0.29334        1.36083
   6.68000    -0.25953          -1.43711     1.03264     0.32854        1.36118
   6.69000    -0.27365          -1.41165     0.99637     0.36502        1.36140
   6.70000    -0.28750          -1.38480     0.95884     0.40264        1.36148
   6.71000    -0.30106          -1.35660     0.92018     0.44124        1.36142
   6.72000    -0.31433          -1.32706     0.88055     0.48067        1.36122
   6.73000    -0.32730          -1.29623     0.84010     0.52077        1.36087
   6.74000    -0.33994          -1.26412     0.79900     0.56137        1.36037
   6.75000    -0.35225          -1.23077     0.75740     0.60233        1.35973
   6.76000    -0.36421          -1.19622     0.71547     0.64347        1.35894
   6.77000    -0.37581          -1.16049     0.67337     0.68464        1.35801
   6.78000    -0.38705          -1.12362     0.63126     0.72568        1.35694
   6.79000    -0.39791          -1.08565     0.58932     0.76641        1.35573
   6.80000    -0.40837          -1.04662     0.54770     0.80669        1.35439
   6.81000    -0.41844          -1.00656     0.50658     0.84636        1.35293
   6.82000    -0.42809          -0.96551     0.46610     0.88526        1.35136
   6.83000    -0.43733          -0.92351     0.42644     0.92325        1.34969
   6.84000    -0.44613          -0.88061     0.38774     0.96018        1.34792
   6.85000    -0.45450          -0.83684     0.35015     0.99591        1.34607
   6.86000    -0.46242          -0.79226     0.31384     1.03031        1.34415
   6.87000    -0.46989          -0.74689     0.27893     1.06324        1.34217
   6.88000    -0.47690          -0.70080     0.24556     1.09458        1.34014
   6.89000    -0.48344          -0.65401     0.21387     1.12422        1.33809
   6.90000    -0.48951          -0.60659     0.18397     1.15204        1.33602
   6.91000    -0.49509          -0.55857     0.15600     1.17794        1.33394
   6.92000    -0.50019          -0.51000     0.13005     1.20182        1.33187
   6.93000    -0.50480          -0.46093     0.10623     1.22360        1.32983
   6.94000    -0.50892          -0.41141     0.08463     1.24319        1.32782
   6.95000    -0.51253          -0.36148     0.06534     1.26053        1.32586
   6.96000    -0.51564          -0.31120     0.04842     1.27554        1.32396
   6.97000    -0.51825          -0.26062     0.03396     1.28817        1.32214
   6.98000    -0.52035          -0.20978     0.02200     1.29839        1.32039
   6.99000    -0.52193          -0.15873     0.01260     1.30614        1.31874
   7.00000    -0.52301          -0.10753     0.00578     1.31140        1.31719
   7.01000    -0.52357          -0.05622     0.00158     1.31416        1.31574
   7.02000    -0.52362          -0.00486     0.00001     1.31440        1.31441
   7.03000    -0.52316           0.04651     0.00108     1.31212        1.31320
   7.04000    -0.52218           0.09783     0.00479     1.30733        1.31211
   7.05000    -0.52069           0.14905     0.01111     1.30004        1.31115
   7.06000    -0.51869           0.20013     0.02003     1.29029        1.31032
   7.07000    -0.51618           0.25102     0.03150     1.27811        1.30962
   7.08000    -0.51316           0.30165     0.04550     1.26355        1.30904
   7.09000    -0.50964           0.35199     0.06195     1.24665        1.30860
   7.10000    -0.50562           0.40199     0.08080     1.22748        1.30828
   7.11000    -0.50110           0.45159     0.10197     1.20611        1.30808
   7.12000    -0.49610           0.50075     0.12537     1.18262        1.30799
   7.13000    -0.49060           0.54941     0.15093     1.15709        1.30802
   7.14000    -0.48463           0.59754     0.17853     1.12963        1.30816
   7.15000    -0.47818           0.64508     0.20807     1.10033        1.30840
   7.16000    -0.47126           0.69199     0.23943     1.06930        1.30873
   7.17000    -0.46387           0.73822     0.27249     1.03666        1.30915
   7.18000    -0.45604           0.78373     0.30712     1.00253        1.30965
   7.19000    -0.44775           0.82847     0.34318     0.96704        1.31022
   7.20000    -0.43903           0.87239     0.38053     0.93033        1.31086
   7.21000    -0.42987           0.91546     0.41903     0.89253        1.31156
   7.22000    -0.42030           0.95763     0.45853     0.85378        1.31231
   7.23000    -0.41031           0.99886     0.49886     0.81425        1.31311
   7.24000    -0.39992           1.03911     0.53988     0.77407        1.31395
   7.25000    -0.38913           1.07834     0.58141     0.73341        1.31483
   7.26000    -0.37797           1.11652     0.62331     0.69242        1.31573
   7.27000    -0.36643           1.15360     0.66539     0.65127        1.31666
   7.28000    -0.35454           1.18954     0.70751     0.61011        1.31762
   7.29000    -0.34229           1.22432     0.74948     0.56910        1.31859
   7.30000    -0.32971           1.25790     0.79116     0.52842        1.31958
   7.31000    -0.31681           1.29025     0.83237     0.48821        1.32058
   7.32000    -0.30360           1.32133     0.87295     0.44864        1.32160
   7.33000    -0.29009           1.35111     0.91275     0.40987        1.32262
   7.34000    -0.27629           1.37957     0.95160     0.37206        1.32366
   7.35000    -0.26223           1.40667     0.98936     0.33535        1.32471
   7.36000    -0.24790           1.43240     1.02588     0.29990        1.32578
   7.37000    -0.23333           1.45672     1.06101     0.26584        1.32685
   7.38000    -0.21854           1.47961     1.09462     0.23333        1.32794
   7.39000    -0.20353           1.50104     1.12657     0.20248        1.32905
   7.40000    -0.18832           1.52101     1.15674     0.17343        1.33017
   7.41000    -0.17292           1.53948     1.18501     0.14631        1.33131
   7.42000    -0.15736           1.55645     1.21126     0.12121        1.33247
   7.43000    -0.14164           1.57188     1.23541     0.09824        1.33365
   7.44000    -0.12578           1.58578     1.25735     0.07750        1.33485
   7.45000    -0.10980           1.59812     1.27699     0.05908        1.33607
   7.46000    -0.09371           1.60889     1.29426     0.04304        1.33731
   7.47000    -0.07753           1.61808     1.30910     0.02947        1.33857
   7.48000    -0.06127           1.62569     1.32143     0.01841        1.33984
   7.49000    -0.04496           1.63170     1.33122     0.00991        1.34113
   7.50000    -0.02860           1.63611     1.33843     0.00401        1.34244
   7.51000    -0.01221           1.63892     1.34302     0.00073        1.34375
   7.52000     0.00419           1.64011     1.34498     0.00009        1.34507
   7.53000     0.02059           1.63970     1.34431     0.00208        1.34639
   7.54000     0.03697           1.63768     1.34100     0.00670        1.34770
   7.55000     0.05331           1.63405     1.33507     0.01394        1.34900
   7.56000     0.06960           1.62882     1.32654     0.02375        1.35028
   7.57000     0.08582           1.62200     1.31544     0.03610        1.35154
   7.58000     0.10195           1.61358     1.30182     0.05094        1.35276
   7.59000     0.11799           1.60358     1.28573     0.06821        1.35393
   7.60000     0.13391           1.59200     1.26724     0.08782        1.35506
   7.61000     0.14970           1.57887     1.24641     0.10971        1.35612
   7.62000     0.16534           1.56418     1.22333     0.13378        1.35711
   7.63000     0.18082           1.54796     1.19809     0.15994        1.35803
   7.64000     0.19612           1.53022     1.17079     0.18806        1.35885
   7.65000     0.21123           1.51098     1.14153     0.21804        1.35958
   7.66000     0.22613           1.49026     1.11044     0.24976        1.36020
   7.67000     0.24081           1.46808     1.07763     0.28308        1.36070
   7.68000     0.25526           1.44445     1.04322     0.31786        1.36109
   7.69000     0.26945           1.41941     1.00737     0.35398        1.36134
   7.70000     0.28338           1.39298     0.97020     0.39127        1.36147
   7.71000     0.29703           1.36518     0.93186     0.42959        1.36145
   7.72000     0.31040           1.33604     0.89250     0.46879        1.36129
   7.73000     0.32345           1.30559     0.85228     0.50871        1.36099
   7.74000     0.33619           1.27386     0.81136     0.54918        1.36054
   7.75000     0.34860           1.24088     0.76989     0.59005        1.35994
   7.76000     0.36067           1.20668     0.72804     0.63115        1.35919
   7.77000     0.37238           1.17130     0.68597     0.67233        1.35830
   7.78000     0.38373           1.13477     0.64385     0.71342        1.35727
   7.79000     0.39470           1.09713     0.60184     0.75426        1.35611
   7.80000     0.40528           1.05841     0.56011     0.79469        1.35481
   7.81000     0.41547           1.01865     0.51882     0.83456        1.35338
   7.82000     0.42525           0.97789     0.47814     0.87371        1.35184
   7.83000     0.43461           0.93618     0.43821     0.91199        1.35020
   7.84000     0.44354           0.89354     0.39921     0.94925        1.34846
   7.85000     0.45204           0.85003     0.36127     0.98535        1.34663
   7.86000     0.46010           0.80568     0.32456     1.02016        1.34473
   7.87000     0.46771           0.76055     0.28922     1.05355        1.34276
   7.88000     0.47485           0.71467     0.25537     1.08538        1.34075
   7.89000     0.48153           0.66808     0.22317     1.11554        1.33871
   7.90000     0.48774           0.62084     0.19272     1.14391        1.33664
   7.91000     0.49347           0.57300     0.16416     1.17040        1.33456
   7.92000     0.49872           0.52459     0.13760     1.19489        1.33249
   7.93000     0.50347           0.47566     0.11313     1.21731        1.33044
   7.94000     0.50774           0.42627     0.09085     1.23756        1.32842
   7.95000     0.51150           0.37646     0.07086     1.25558        1.32644
   7.96000     0.51476           0.32628     0.05323     1.27129        1.32452
   7.97000     0.51752           0.27579     0.03803     1.28465        1.32267
   7.98000     0.51977           0.22502     0.02532     1.29559        1.32090
   7.99000     0.52151           0.17403     0.01514     1.30408        1.31922
   8.00000     0.52274           0.12287     0.00755     1.31009        1.31764
   8.01000     0.52346           0.07159     0.00256     1.31360        1.31616
   8.02000     0.52366           0.02023     0.00020     1.31459        1.31480
   8.03000     0.52335          -0.03114     0.00048     1.31306        1.31355
   8.04000     0.52252          -0.08248     0.00340     1.30902        1.31242
   8.05000     0.52119          -0.13374     0.00894     1.30248        1.31143
   8.06000     0.51934          -0.18487     0.01709     1.29347        1.31056
   8.07000     0.51698          -0.23581     0.02780     1.28201        1.30981
   8.08000     0.51411          -0.28653     0.04105     1.26815        1.30920
   8.09000     0.51074          -0.33696     0.05677     1.25195        1.30872
   8.10000     0.50687          -0.38707     0.07491     1.23345        1.30836
   8.11000     0.50251          -0.43679     0.09539     1.21273        1.30812
   8.12000     0.49765          -0.48609     0.11814     1.18987        1.30801
   8.13000     0.49230          -0.53491     0.14306     1.16494        1.30800
   8.14000     0.48646          -0.58320     0.17006     1.13805        1.30811
   8.15000     0.48016          -0.63092     0.19903     1.10928        1.30831
   8.16000     0.47337          -0.67803     0.22986     1.07876        1.30862
   8.17000     0.46613          -0.72446     0.26242     1.04659        1.30901
   8.18000     0.45843          -0.77019     0.29660     1.01289        1.30949
   8.19000     0.45028          -0.81516     0.33225     0.97779        1.31004
   8.20000     0.44168          -0.85934     0.36923     0.94143        1.31066
   8.21000     0.43266          -0.90266     0.40740     0.90394        1.31134
   8.22000     0.42321          -0.94511     0.44661     0.86547        1.31208
   8.23000     0.41334          -0.98662     0.48671     0.82615        1.31287
   8.24000     0.40307          -1.02717     0.52754     0.78615        1.31370
   8.25000     0.39240          -1.06671     0.56894     0.74562        1.31456
   8.26000     0.38135          -1.10521     0.61074     0.70471        1.31546
   8.27000     0.36992          -1.14262     0.65279     0.66359        1.31638
   8.28000     0.35813          -1.17891     0.69491     0.62242        1.31733
   8.29000     0.34599          -1.21404     0.73695     0.58135        1.31830
   8.30000     0.33351          -1.24798     0.77873     0.54055        1.31928
   8.31000     0.32071          -1.28070     0.82010     0.50018        1.32028
   8.32000     0.30758          -1.31216     0.86088     0.46041        1.32129
   8.33000     0.29416          -1.34234     0.90093     0.42138        1.32231
   8.34000     0.28045          -1.37119     0.94009     0.38326        1.32335
   8.35000     0.26646          -1.39871     0.97819     0.34621        1.32440
   8.36000     0.25221          -1.42485     1.01509     0.31036        1.32546
   8.37000     0.23772          -1.44959     1.05065     0.27588        1.32653
   8.38000     0.22299          -1.47291     1.08473     0.24289        1.32761
   8.39000     0.20804          -1.49478     1.11719     0.21153        1.32872
   8.40000     0.19289          -1.51519     1.14790     0.18193        1.32983
   8.41000     0.17755          -1.53411     1.17675     0.15422        1.33097
   8.42000     0.16203          -1.55153     1.20362     0.12850        1.33212
   8.43000     0.14636          -1.56743     1.22841     0.10488        1.33329
   8.44000     0.13054          -1.58178     1.25102     0.08347        1.33449
   8.45000     0.11459          -1.59459     1.27136     0.06434        1.33570
   8.46000     0.09854          -1.60583     1.28935     0.04759        1.33693
   8.47000     0.08238          -1.61550     1.30492     0.03327        1.33819
   8.48000     0.06615          -1.62358     1.31801     0.02145        1.33946
   8.49000     0.04984          -1.63007     1.32856     0.01218        1.34075
   8.50000     0.03349          -1.63496     1.33654     0.00550        1.34205
   8.51000     0.01711          -1.63824     1.34192     0.00144        1.34336
   8.52000     0.00071          -1.63992     1.34467     0.00000        1.34468
   8.53000    -0.01569          -1.63999     1.34479     0.00121        1.34600
   8.54000    -0.03207          -1.63845     1.34227     0.00504        1.34731
   8.55000    -0.04842          -1.63531     1.33712     0.01150        1.34862
   8.56000    -0.06473          -1.63056     1.32936     0.02054        1.34990
   8.57000    -0.08097          -1.62421     1.31903     0.03214        1.35117
   8.58000    -0.09713          -1.61626     1.30615     0.04624        1.35240
   8.59000    -0.11320          -1.60674     1.29080     0.06279        1.35359
   8.60000    -0.12916          -1.59563     1.27302     0.08171        1.35473
   8.61000    -0.14499          -1.58296     1.25288     0.10293        1.35581
   8.62000    -0.16068          -1.56874     1.23047     0.12636        1.35682
   8.63000    -0.17620          -1.55297     1.20586     0.15190        1.35776
   8.64000    -0.19156          -1.53569     1.17917     0.17944        1.35861
   8.65000    -0.20673          -1.51690     1.15049     0.20888        1.35937
   8.66000    -0.22170          -1.49662     1.11993     0.24009        1.36002
   8.67000    -0.23645          -1.47487     1.08762     0.27295        1.36056
   8.68000    -0.25096          -1.45167     1.05368     0.30731        1.36099
   8.69000    -0.26523          -1.42705     1.01824     0.34304        1.36128
   8.70000    -0.27924          -1.40103     0.98145     0.38000        1.36144
   8.71000    -0.29298          -1.37364     0.94344     0.41803        1.36147
   8.72000    -0.30643          -1.34490     0.90438     0.45698        1.36136
   8.73000    -0.31958          -1.31484     0.86440     0.49670        1.36110
   8.74000    -0.33241          -1.28349     0.82367     0.53702        1.36069
   8.75000    -0.34492          -1.25088     0.78235     0.57779        1.36013
   8.76000    -0.35709          -1.21704     0.74059     0.61884        1.35943
   8.77000    -0.36891          -1.18201     0.69857     0.66001        1.35859
   8.78000    -0.38037          -1.14582     0.65645     0.70114        1.35760
   8.79000    -0.39145          -1.10851     0.61439     0.74208        1.35647
   8.80000    -0.40216          -1.07010     0.57256     0.78265        1.35521
   8.81000    -0.41246          -1.03065     0.53112     0.82270        1.35382
   8.82000    -0.42236          -0.99019     0.49024     0.86208        1.35232
   8.83000    -0.43185          -0.94876     0.45007     0.90063        1.35070
   8.84000    -0.44092          -0.90639     0.41077     0.93821        1.34899
   8.85000    -0.44955          -0.86314     0.37250     0.97468        1.34718
   8.86000    -0.45774          -0.81904     0.33541     1.00989        1.34530
   8.87000    -0.46548          -0.77413     0.29964     1.04372        1.34336
   8.88000    -0.47276          -0.72847     0.26533     1.07602        1.34136
   8.89000    -0.47958          -0.68209     0.23262     1.10670        1.33932
   8.90000    -0.48593          -0.63504     0.20164     1.13562        1.33726
   8.91000    -0.49181          -0.58737     0.17250     1.16268        1.33518
   8.92000    -0.49720          -0.53913     0.14533     1.18778        1.33311
   8.93000    -0.50210          -0.49035     0.12022     1.21083        1.33105
   8.94000    -0.50651          -0.44110     0.09728     1.23173        1.32902
   8.95000    -0.51043          -0.39141     0.07660     1.25043        1.32703
   8.96000    -0.51384          -0.34133     0.05825     1.26684        1.32509
   8.97000    -0.51675          -0.29093     0.04232     1.28090        1.32322
   8.98000    -0.51915          -0.24023     0.02886     1.29257        1.32142
   8.99000    -0.52105          -0.18930     0.01792     1.30180        1.31972
   9.00000    -0.52243          -0.13819     0.00955     1.30855        1.31810
   9.01000    -0.52330          -0.08694     0.00378     1.31281        1.31659
   9.02000    -0.52365          -0.03560     0.00063     1.31456        1.31519
   9.03000    -0.52350           0.01577     0.00012     1.31379        1.31391
   9.04000    -0.52282           0.06712     0.00225     1.31050        1.31275
   9.05000    -0.52164           0.11841     0.00701     1.30470        1.31171
   9.06000    -0.51994           0.16958     0.01438     1.29642        1.31080
   9.07000    -0.51774           0.22059     0.02433     1.28569        1.31002
   9.08000    -0.51502           0.27138     0.03682     1.27255        1.30937
   9.09000    -0.51181           0.32190     0.05181     1.25704        1.30885
   9.10000    -0.50808           0.37211     0.06923     1.23922        1.30845
   9.11000    -0.50387           0.42195     0.08902     1.21916        1.30818
   9.12000    -0.49915           0.47138     0.11110     1.19693        1.30803
   9.13000    -0.49395           0.52035     0.13538     1.17261        1.30799
   9.14000    -0.48826           0.56881     0.16177     1.14629        1.30806
   9.15000    -0.48209           0.61671     0.19016     1.11808        1.30824
   9.16000    -0.47545           0.66400     0.22045     1.08807        1.30852
   9.17000    -0.46835           0.71064     0.25251     1.05638        1.30889
   9.18000    -0.46078           0.75659     0.28621     1.02313        1.30934
   9.19000    -0.45276           0.80179     0.32143     0.98844        1.30987
   9.20000    -0.44430           0.84620     0.35803     0.95244        1.31047
   9.21000    -0.43540           0.88979     0.39586     0.91527        1.31113
   9.22000    -0.42608           0.93250     0.43478     0.87707        1.31185
   9.23000    -0.41633           0.97430     0.47463     0.83800        1.31263
   9.24000    -0.40618           1.01514     0.51526     0.79819        1.31344
   9.25000    -0.39563           1.05499     0.55650     0.75780        1.31430
   9.26000    -0.38470           1.09380     0.59820     0.71699        1.31519
   9.27000    -0.37338           1.13154     0.64019     0.67591        1.31610
   9.28000    -0.36170           1.16817     0.68231     0.63473        1.31704
   9.29000    -0.34966           1.20365     0.72439     0.59362        1.31800
   9.30000    -0.33728           1.23795     0.76626     0.55272        1.31898
   9.31000    -0.32457           1.27104     0.80777     0.51221        1.31998
   9.32000    -0.31154           1.30288     0.84875     0.47224        1.32099
   9.33000    -0.29821           1.33344     0.88904     0.43297        1.32201
   9.34000    -0.28458           1.36270     0.92847     0.39457        1.32304
   9.35000    -0.27068           1.39062     0.96691     0.35718        1.32408
   9.36000    -0.25650           1.41717     1.00418     0.32095        1.32514
   9.37000    -0.24208           1.44233     1.04016     0.28605        1.32621
   9.38000    -0.22742           1.46608     1.07469     0.25259        1.32729
   9.39000    -0.21254           1.48839     1.10765     0.22073        1.32838
   9.40000    -0.19744           1.50924     1.13890     0.19060        1.32950
   9.41000    -0.18216           1.52861     1.16832     0.16230        1.33063
   9.42000    -0.16669           1.54648     1.19580     0.13598        1.33177
   9.43000    -0.15106           1.56283     1.22122     0.11172        1.33294
   9.44000    -0.13529           1.57765     1.24449     0.08964        1.33413
   9.45000    -0.11938           1.59092     1.26552     0.06982        1.33533
   9.46000    -0.10335           1.60263     1.28422     0.05235        1.33656
   9.47000    -0.08722           1.61277     1.30052     0.03729        1.33781
   9.48000    -0.07101           1.62133     1.31435     0.02472        1.33908
   9.49000    -0.05473           1.62829     1.32567     0.01469        1.34036
   9.50000    -0.03839           1.63366     1.33443     0.00723        1.34166
   9.51000    -0.02202           1.63743     1.34059     0.00238        1.34297
   9.52000    -0.00562           1.63959     1.34413     0.00015        1.34428
   9.53000     0.01078           1.64014     1.34503     0.00057        1.34560
   9.54000     0.02717           1.63908     1.34330     0.00362        1.34692
   9.55000     0.04354           1.63642     1.33893     0.00930        1.34823
   9.56000     0.05986           1.63215     1.33195     0.01757        1.34952
   9.57000     0.07612           1.62628     1.32239     0.02841        1.35079
   9.58000     0.09231           1.61881     1.31027     0.04176        1.35203
   9.59000     0.10840           1.60975     1.29565     0.05759        1.35324
   9.60000     0.12440           1.59912     1.27859     0.07580        1.35439
   9.61000     0.14027           1.58691     1.25915     0.09634        1.35549
   9.62000     0.15600           1.57315     1.23741     0.11912        1.35653
   9.63000     0.17158           1.55785     1.21345     0.14404        1.35749
   9.64000     0.18699           1.54102     1.18737     0.17100        1.35837
   9.65000     0.20221           1.52268     1.15927     0.19988        1.35915
   9.66000     0.21724           1.50284     1.12926     0.23058        1.35984
   9.67000     0.23206           1.48153     1.09746     0.26295        1.36041
   9.68000     0.24664           1.45876     1.06400     0.29688        1.36087
   9.69000     0.26099           1.43457     1.02899     0.33221        1.36121
   9.70000     0.27508           1.40896     0.99259     0.36882        1.36141
   9.71000     0.28890           1.38198     0.95493     0.40654        1.36148
   9.72000     0.30244           1.35364     0.91617     0.44524        1.36140
   9.73000     0.31567           1.32397     0.87645     0.48474        1.36119
   9.74000     0.32860           1.29300     0.83593     0.52490        1.36083
   9.75000     0.34121           1.26077     0.79477     0.56555        1.36032
   9.76000     0.35349           1.22729     0.75312     0.60653        1.35966
   9.77000     0.36541           1.19262     0.71117     0.64769        1.35885
   9.78000     0.37698           1.15677     0.66906     0.68885        1.35791
   9.79000     0.38818           1.11979     0.62696     0.72986        1.35682
   9.80000     0.39899           1.08171     0.58505     0.77055        1.35560
   9.81000     0.40942           1.04257     0.54347     0.81078        1.35425
   9.82000     0.41944           1.00240     0.50240     0.85037        1.35278
   9.83000     0.42906           0.96125     0.46200     0.88919        1.35120
   9.84000     0.43825           0.91916     0.42243     0.92708        1.34951
   9.85000     0.44701           0.87617     0.38384     0.96389        1.34773
   9.86000     0.45533           0.83232     0.34638     0.99950        1.34587
   9.87000     0.46321           0.78765     0.31020     1.03375        1.34395
   9.88000     0.47063           0.74221     0.27544     1.06652        1.34196
   9.89000     0.47759           0.69604     0.24224     1.09770        1.33993
   9.90000     0.48408           0.64919     0.21072     1.12715        1.33788
   9.91000     0.49010           0.60170     0.18102     1.15478        1.33580
   9.92000     0.49564           0.55362     0.15325     1.18048        1.33373
   9.93000     0.50069           0.50500     0.12751     1.20415        1.33166
   9.94000     0.50525           0.45588     0.10391     1.22571        1.32962
   9.95000     0.50931           0.40632     0.08255     1.24507        1.32762
   9.96000     0.51287           0.35636     0.06349     1.26217        1.32566
   9.97000     0.51593           0.30604     0.04683     1.27694        1.32377
   9.98000     0.51849           0.25543     0.03262     1.28933        1.32195
   9.99000     0.52053           0.20457     0.02092     1.29929        1.32022
  10.00000     0.52207           0.15350     0.01178     1.30679        1.31857
  10.01000     0.52309           0.10229     0.00523     1.31180        1.31703
