	time [s]	theta [rad]	thetadot [rad/s]	k_energy	p_energy	total_energy
	0.01000	0.52311	-0.04905	0.00120	1.31189	1.31309
	0.02000	0.52213	-0.09806	0.00481	1.30708	1.31189
	0.03000	0.52066	-0.14698	0.01080	1.29990	1.31070
	0.04000	0.51870	-0.19578	0.01917	1.29036	1.30953
	0.05000	0.51626	-0.24442	0.02987	1.27850	1.30837
	0.06000	0.51333	-0.29284	0.04288	1.26436	1.30724
	0.07000	0.50992	-0.34102	0.05815	1.24798	1.30613
	0.08000	0.50603	-0.38890	0.07562	1.22942	1.30504
	0.09000	0.50166	-0.43645	0.09524	1.20875	1.30400
	0.10000	0.49683	-0.48362	0.11695	1.18604	1.30298
	0.11000	0.49152	-0.53038	0.14065	1.16136	1.30201
	0.12000	0.48576	-0.57668	0.16628	1.13480	1.30108
	0.13000	0.47953	-0.62248	0.19374	1.10646	1.30020
	0.14000	0.47285	-0.66774	0.22294	1.07643	1.29937
	0.15000	0.46573	-0.71242	0.25377	1.04483	1.29860
	0.16000	0.45817	-0.75647	0.28613	1.01175	1.29788
	0.17000	0.45017	-0.79986	0.31989	0.97733	1.29722
	0.18000	0.44174	-0.84255	0.35494	0.94168	1.29662
	0.19000	0.43290	-0.88449	0.39116	0.90493	1.29609
	0.20000	0.42364	-0.92564	0.42841	0.86722	1.29562
	0.21000	0.41398	-0.96597	0.46655	0.82868	1.29523
	0.22000	0.40393	-1.00543	0.50545	0.78946	1.29491
	0.23000	0.39349	-1.04399	0.54495	0.74970	1.29465
	0.24000	0.38267	-1.08160	0.58493	0.70955	1.29448
	0.25000	0.37149	-1.11823	0.62522	0.66916	1.29438
	0.26000	0.35995	-1.15384	0.66567	0.62868	1.29435
	0.27000	0.34807	-1.18839	0.70614	0.58826	1.29440
	0.28000	0.33585	-1.22185	0.74646	0.54807	1.29453
	0.29000	0.32331	-1.25418	0.78649	0.50825	1.29474
	0.30000	0.31045	-1.28535	0.82606	0.46896	1.29502
	0.31000	0.29730	-1.31532	0.86503	0.43035	1.29538
	0.32000	0.28386	-1.34406	0.90324	0.39258	1.29582
	0.33000	0.27014	-1.37153	0.94055	0.35578	1.29633
	0.34000	0.25617	-1.39771	0.97680	0.32011	1.29691
	0.35000	0.24194	-1.42257	1.01185	0.28572	1.29756
	0.36000	0.22748	-1.44607	1.04556	0.25273	1.29829
	0.37000	0.21280	-1.46819	1.07780	0.22127	1.29907
	0.38000	0.19791	-1.48891	1.10843	0.19149	1.29992
	0.39000	0.18283	-1.50820	1.13733	0.16350	1.30083
	0.40000	0.16757	-1.52604	1.16439	0.13740	1.30180
	0.41000	0.15214	-1.54240	1.18949	0.11332	1.30281
	0.42000	0.13657	-1.55727	1.21254	0.09134	1.30388
	0.43000	0.12086	-1.57062	1.23342	0.07156	1.30499
	0.44000	0.10504	-1.58245	1.25207	0.05407	1.30614
	0.45000	0.08911	-1.59273	1.26840	0.03892	1.30732
	0.46000	0.07310	-1.60146	1.28234	0.02620	1.30854
	0.47000	0.05701	-1.60863	1.29384	0.01594	1.30978
	0.48000	0.04087	-1.61422	1.30285	0.00819	1.31104
	0.49000	0.02469	-1.61823	1.30933	0.00299	1.31232
	0.50000	0.00848	-1.62065	1.31325	0.00035	1.31360
	0.51000	-0.00774	-1.62148	1.31460	0.00029	1.31489
	0.52000	-0.02394	-1.62072	1.31337	0.00281	1.31618
	0.53000	-0.04013	-1.61837	1.30956	0.00790	1.31746
	0.54000	-0.05627	-1.61444	1.30320	0.01553	1.31873
	0.55000	-0.07236	-1.60892	1.29431	0.02567	1.31998
	0.56000	-0.08838	-1.60183	1.28293	0.03829	1.32121
	0.57000	-0.10431	-1.59317	1.26909	0.05332	1.32241
	0.58000	-0.12014	-1.58295	1.25287	0.07071	1.32358
	0.59000	-0.13585	-1.57120	1.23433	0.09039	1.32472
	0.60000	-0.15143	-1.55791	1.21354	0.11226	1.32581
	0.61000	-0.16686	-1.54311	1.19060	0.13625	1.32685
	0.62000	-0.18213	-1.52682	1.16559	0.16226	1.32784
	0.63000	-0.19722	-1.50905	1.13862	0.19017	1.32878
	0.64000	-0.21212	-1.48983	1.10979	0.21987	1.32967
	0.65000	-0.22681	-1.46918	1.07924	0.25125	1.33049
	0.66000	-0.24128	-1.44712	1.04707	0.28417	1.33124
	0.67000	-0.25552	-1.42368	1.01343	0.31851	1.33193
	0.68000	-0.26951	-1.39888	0.97843	0.35412	1.33255
	0.69000	-0.28323	-1.37276	0.94224	0.39086	1.33310
	0.70000	-0.29669	-1.34535	0.90498	0.42860	1.33358
	0.71000	-0.30985	-1.31667	0.86680	0.46717	1.33398
	0.72000	-0.32272	-1.28675	0.82787	0.50644	1.33430
	0.73000	-0.33528	-1.25564	0.78832	0.54623	1.33455
	0.74000	-0.34751	-1.22336	0.74831	0.58641	1.33472
	0.75000	-0.35941	-1.18995	0.70799	0.62682	1.33482
	0.76000	-0.37097	-1.15545	0.66753	0.66730	1.33483
	0.77000	-0.38217	-1.11989	0.62707	0.70770	1.33477
	0.78000	-0.39300	-1.08330	0.58677	0.74787	1.33464
	0.79000	-0.40346	-1.04573	0.54678	0.78765	1.33443
	0.80000	-0.41353	-1.00722	0.50725	0.82690	1.33414
	0.81000	-0.42321	-0.96780	0.46832	0.86547	1.33378
	0.82000	-0.43248	-0.92751	0.43014	0.90322	1.33336
	0.83000	-0.44134	-0.88639	0.39285	0.94001	1.33286
	0.84000	-0.44979	-0.84449	0.35658	0.97572	1.33230
	0.85000	-0.45781	-0.80184	0.32147	1.01020	1.33167
	0.86000	-0.46539	-0.75848	0.28765	1.04334	1.33099
	0.87000	-0.47254	-0.71446	0.25522	1.07502	1.33024
	0.88000	-0.47924	-0.66981	0.22432	1.10512	1.32944
	0.89000	-0.48548	-0.62457	0.19504	1.13354	1.32859
	0.90000	-0.49127	-0.57880	0.16750	1.16018	1.32768
	0.91000	-0.49659	-0.53252	0.14179	1.18495	1.32674
	0.92000	-0.50145	-0.48578	0.11799	1.20775	1.32574
	0.93000	-0.50584	-0.43862	0.09619	1.22852	1.32472
	0.94000	-0.50975	-0.39109	0.07648	1.24718	1.32365
	0.95000	-0.51318	-0.34322	0.05890	1.26366	1.32256
	0.96000	-0.51613	-0.29506	0.04353	1.27790	1.32143
	0.97000	-0.51860	-0.24664	0.03042	1.28987	1.32029
	0.98000	-0.52058	-0.19802	0.01961	1.29952	1.31912
	0.99000	-0.52207	-0.14923	0.01113	1.30681	1.31794
	1.00000	-0.52307	-0.10031	0.00503	1.31172	1.31675
	1.01000	-0.52359	-0.05130	0.00132	1.31423	1.31555
	1.02000	-0.52361	-0.00225	0.00000	1.31434	1.31435
	1.03000	-0.52314	0.04680	0.00110	1.31205	1.31314
	1.04000	-0.52218	0.09581	0.00459	1.30736	1.31195
	1.05000	-0.52074	0.14474	0.01047	1.30028	1.31076
	1.06000	-0.51880	0.19355	0.01873	1.29085	1.30958
	1.07000	-0.51638	0.24219	0.02933	1.27910	1.30843
	1.08000	-0.51347	0.29062	0.04223	1.26506	1.30729
	1.09000	-0.51008	0.33881	0.05740	1.24878	1.30618
	1.10000	-0.50622	0.38671	0.07477	1.23032	1.30509
	1.11000	-0.50187	0.43428	0.09430	1.20975	1.30404
	1.12000	-0.49706	0.48147	0.11591	1.18712	1.30303
	1.13000	-0.49178	0.52825	0.13952	1.16253	1.30206
	1.14000	-0.48603	0.57457	0.16506	1.13606	1.30113
	1.15000	-0.47983	0.62039	0.19244	1.10780	1.30024
	1.16000	-0.47317	0.66568	0.22156	1.07785	1.29941
	1.17000	-0.46607	0.71038	0.25232	1.04631	1.29863
	1.18000	-0.45852	0.75447	0.28461	1.01330	1.29791
	1.19000	-0.45054	0.79789	0.31831	0.97893	1.29725
	1.20000	-0.44214	0.84061	0.35331	0.94334	1.29665
	1.21000	-0.43331	0.88258	0.38948	0.90664	1.29611
	1.22000	-0.42407	0.92377	0.42668	0.86897	1.29564
	1.23000	-0.41443	0.96414	0.46478	0.83047	1.29525
	1.24000	-0.40440	1.00364	0.50365	0.79127	1.29492
	1.25000	-0.39397	1.04224	0.54313	0.75153	1.29466
	1.26000	-0.38317	1.07989	0.58309	0.71140	1.29448
	1.27000	-0.37201	1.11657	0.62337	0.67101	1.29438
	1.28000	-0.36049	1.15223	0.66382	0.63054	1.29435
	1.29000	-0.34862	1.18683	0.70429	0.59012	1.29440
	1.30000	-0.33641	1.22034	0.74462	0.54991	1.29453
	1.31000	-0.32389	1.25273	0.78466	0.51007	1.29473
	1.32000	-0.31105	1.28395	0.82426	0.47075	1.29501
	1.33000	-0.29791	1.31397	0.86326	0.43211	1.29537
	1.34000	-0.28448	1.34277	0.90151	0.39429	1.29580
	1.35000	-0.27078	1.37030	0.93886	0.35745	1.29630
	1.36000	-0.25681	1.39654	0.97516	0.32172	1.29688
	1.37000	-0.24260	1.42146	1.01027	0.28726	1.29753
	1.38000	-0.22815	1.44502	1.04404	0.25421	1.29825
	1.39000	-0.21348	1.46721	1.07635	0.22268	1.29903
	1.40000	-0.19860	1.48799	1.10706	0.19282	1.29988
	1.41000	-0.18352	1.50735	1.13605	0.16474	1.30079
	1.42000	-0.16827	1.52525	1.16319	0.13856	1.30175
	1.43000	-0.15285	1.54168	1.18839	0.11438	1.30277
	1.44000	-0.13729	1.55662	1.21153	0.09230	1.30383
	1.45000	-0.12159	1.57004	1.23252	0.07242	1.30494
	1.46000	-0.10577	1.58194	1.25127	0.05482	1.30609
	1.47000	-0.08984	1.59230	1.26770	0.03957	1.30727
	1.48000	-0.07383	1.60110	1.28176	0.02673	1.30848
	1.49000	-0.05775	1.60833	1.29337	0.01635	1.30972
	1.50000	-0.04161	1.61400	1.30249	0.00849	1.31098
	1.51000	-0.02543	1.61808	1.30909	0.00317	1.31226
	1.52000	-0.00922	1.62057	1.31313	0.00042	1.31354
	1.53000	0.00699	1.62148	1.31459	0.00024	1.31483
	1.54000	0.02320	1.62079	1.31348	0.00264	1.31612
	1.55000	0.03938	1.61851	1.30980	0.00761	1.31740
	1.56000	0.05553	1.61465	1.30355	0.01512	1.31867
	1.57000	0.07162	1.60921	1.29477	0.02515	1.31993
	1.58000	0.08765	1.60219	1.28350	0.03765	1.32116
	1.59000	0.10358	1.59360	1.26978	0.05258	1.32236
	1.60000	0.11942	1.58346	1.25367	0.06986	1.32353
	1.61000	0.13513	1.57177	1.23523	0.08943	1.32466
	1.62000	0.15072	1.55855	1.21455	0.11121	1.32576
	1.63000	0.16616	1.54382	1.19170	0.13511	1.32680
	1.64000	0.18143	1.52760	1.16678	0.16102	1.32780
	1.65000	0.19653	1.50990	1.13990	0.18885	1.32874
	1.66000	0.21144	1.49074	1.11116	0.21847	1.32963
	1.67000	0.22614	1.47015	1.08068	0.24977	1.33045
	1.68000	0.24062	1.44816	1.04858	0.28263	1.33121
	1.69000	0.25487	1.42478	1.01500	0.31690	1.33190
	1.70000	0.26887	1.40005	0.98007	0.35246	1.33253
	1.71000	0.28261	1.37399	0.94392	0.38916	1.33308
	1.72000	0.29608	1.34663	0.90671	0.42685	1.33356
	1.73000	0.30926	1.31801	0.86857	0.46539	1.33396
	1.74000	0.32214	1.28815	0.82967	0.50462	1.33429
	1.75000	0.33471	1.25709	0.79014	0.54440	1.33454
	1.76000	0.34696	1.22487	0.75015	0.58456	1.33472
	1.77000	0.35887	1.19151	0.70985	0.62496	1.33481
	1.78000	0.37044	1.15706	0.66939	0.66544	1.33483
	1.79000	0.38166	1.12154	0.62893	0.70585	1.33478
	1.80000	0.39251	1.08500	0.58862	0.74603	1.33464
	1.81000	0.40298	1.04748	0.54861	0.78583	1.33444
	1.82000	0.41307	1.00901	0.50905	0.82511	1.33416
	1.83000	0.42277	0.96963	0.47009	0.86371	1.33380
	1.84000	0.43206	0.92938	0.43187	0.90151	1.33338
	1.85000	0.44095	0.88830	0.39454	0.93835	1.33289
	1.86000	0.44941	0.84643	0.35822	0.97410	1.33233
	1.87000	0.45745	0.80381	0.32306	1.00865	1.33170
	1.88000	0.46505	0.76048	0.28917	1.04185	1.33102
	1.89000	0.47222	0.71649	0.25668	1.07360	1.33028
	1.90000	0.47894	0.67187	0.22570	1.10377	1.32948
	1.91000	0.48520	0.62666	0.19635	1.13228	1.32863
	1.92000	0.49101	0.58091	0.16873	1.15900	1.32773
	1.93000	0.49636	0.53465	0.14293	1.18385	1.32678
	1.94000	0.50124	0.48793	0.11904	1.20675	1.32579
	1.95000	0.50565	0.44079	0.09715	1.22761	1.32476
	1.96000	0.50958	0.39328	0.07733	1.24637	1.32370
	1.97000	0.51303	0.34542	0.05966	1.26295	1.32261
	1.98000	0.51601	0.29727	0.04419	1.27730	1.32149
	1.99000	0.51850	0.24887	0.03097	1.28937	1.32034
	2.00000	0.52050	0.20025	0.02005	1.29912	1.31918
	2.01000	0.52201	0.15147	0.01147	1.30652	1.31800
	2.02000	0.52304	0.10255	0.00526	1.31154	1.31680
	2.03000	0.52357	0.05355	0.00143	1.31417	1.31560
	2.04000	0.52362	0.00450	0.00001	1.31439	1.31440
	2.05000	0.52317	-0.04455	0.00099	1.31221	1.31320
	2.06000	0.52224	-0.09356	0.00438	1.30762	1.31200
	2.07000	0.52081	-0.14250	0.01015	1.30066	1.31081
	2.08000	0.51890	-0.19131	0.01830	1.29134	1.30964
	2.09000	0.51650	-0.23996	0.02879	1.27969	1.30848
	2.10000	0.51362	-0.28841	0.04159	1.26575	1.30734
	2.11000	0.51025	-0.33661	0.05665	1.24957	1.30623
	2.12000	0.50641	-0.38452	0.07393	1.23122	1.30514
	2.13000	0.50208	-0.43210	0.09336	1.21074	1.30409
	2.14000	0.49729	-0.47931	0.11487	1.18821	1.30308
	2.15000	0.49203	-0.52611	0.13840	1.16370	1.30210
	2.16000	0.48631	-0.57245	0.16385	1.13732	1.30117
	2.17000	0.48012	-0.61830	0.19115	1.10913	1.30028
	2.18000	0.47349	-0.66361	0.22019	1.07926	1.29945
	2.19000	0.46640	-0.70835	0.25088	1.04779	1.29867
	2.20000	0.45888	-0.75246	0.28310	1.01484	1.29794
	2.21000	0.45092	-0.79591	0.31674	0.98054	1.29728
	2.22000	0.44253	-0.83866	0.35168	0.94500	1.29667
	2.23000	0.43373	-0.88067	0.38779	0.90834	1.29614
	2.24000	0.42451	-0.92190	0.42495	0.87072	1.29566
	2.25000	0.41488	-0.96230	0.46301	0.83225	1.29526
	2.26000	0.40487	-1.00185	0.50185	0.79308	1.29493
	2.27000	0.39446	-1.04049	0.54131	0.75337	1.29467
	2.28000	0.38368	-1.07819	0.58125	0.71325	1.29449
	2.29000	0.37253	-1.11491	0.62151	0.67287	1.29438
	2.30000	0.36102	-1.15062	0.66196	0.63239	1.29435
	2.31000	0.34917	-1.18527	0.70243	0.59197	1.29440
	2.32000	0.33698	-1.21883	0.74277	0.55175	1.29452
	2.33000	0.32447	-1.25127	0.78283	0.51189	1.29472
	2.34000	0.31164	-1.28254	0.82246	0.47254	1.29500
	2.35000	0.29852	-1.31262	0.86149	0.43386	1.29535
	2.36000	0.28510	-1.34147	0.89977	0.39600	1.29578
	2.37000	0.27141	-1.36906	0.93717	0.35911	1.29628
	2.38000	0.25746	-1.39536	0.97352	0.32334	1.29686
	2.39000	0.24326	-1.42034	1.00869	0.28882	1.29750
	2.40000	0.22882	-1.44397	1.04253	0.25569	1.29822
	2.41000	0.21415	-1.46622	1.07490	0.22409	1.29900
	2.42000	0.19928	-1.48707	1.10569	0.19415	1.29984
	2.43000	0.18422	-1.50649	1.13476	0.16599	1.30074
	2.44000	0.16897	-1.52446	1.16199	0.13971	1.30170
	2.45000	0.15356	-1.54096	1.18728	0.11544	1.30272
	2.46000	0.13800	-1.55596	1.21051	0.09327	1.30378
	2.47000	0.12231	-1.56946	1.23160	0.07329	1.30489
	2.48000	0.10650	-1.58143	1.25046	0.05558	1.30603
	2.49000	0.09058	-1.59185	1.26700	0.04021	1.30721
	2.50000	0.07457	-1.60073	1.28117	0.02726	1.30843
	2.51000	0.05849	-1.60804	1.29289	0.01678	1.30967
	2.52000	0.04235	-1.61377	1.30213	0.00880	1.31093
	2.53000	0.02617	-1.61792	1.30884	0.00336	1.31220
	2.54000	0.00997	-1.62049	1.31300	0.00049	1.31348
	2.55000	-0.00625	-1.62147	1.31458	0.00019	1.31477
	2.56000	-0.02246	-1.62086	1.31359	0.00247	1.31606
	2.57000	-0.03864	-1.61865	1.31002	0.00732	1.31734
	2.58000	-0.05479	-1.61486	1.30389	0.01472	1.31861
	2.59000	-0.07089	-1.60949	1.29523	0.02464	1.31987
	2.60000	-0.08691	-1.60254	1.28407	0.03703	1.32110
	2.61000	-0.10285	-1.59403	1.27046	0.05184	1.32231
	2.62000	-0.11869	-1.58396	1.25446	0.06902	1.32348
	2.63000	-0.13441	-1.57234	1.23613	0.08849	1.32461
	2.64000	-0.15001	-1.55919	1.21554	0.11017	1.32571
	2.65000	-0.16545	-1.54453	1.19279	0.13397	1.32676
	2.66000	-0.18074	-1.52838	1.16797	0.15979	1.32776
	2.67000	-0.19584	-1.51074	1.14117	0.18753	1.32870
	2.68000	-0.21076	-1.49165	1.11251	0.21707	1.32959
	2.69000	-0.22547	-1.47113	1.08211	0.24830	1.33041
	2.70000	-0.23996	-1.44920	1.05009	0.28109	1.33118
	2.71000	-0.25422	-1.42588	1.01657	0.31530	1.33187
	2.72000	-0.26823	-1.40121	0.98170	0.35080	1.33250
	2.73000	-0.28199	-1.37521	0.94560	0.38745	1.33305
	2.74000	-0.29547	-1.34791	0.90844	0.42510	1.33354
	2.75000	-0.30866	-1.31935	0.87034	0.46360	1.33394
	2.76000	-0.32155	-1.28955	0.83147	0.50281	1.33428
	2.77000	-0.33414	-1.25854	0.79197	0.54256	1.33453
	2.78000	-0.34640	-1.22637	0.75199	0.58272	1.33471
	2.79000	-0.35833	-1.19307	0.71170	0.62311	1.33481
	2.80000	-0.36992	-1.15866	0.67125	0.66359	1.33483
	2.81000	-0.38115	-1.12319	0.63078	0.70400	1.33478
	2.82000	-0.39202	-1.08670	0.59046	0.74419	1.33465
	2.83000	-0.40251	-1.04922	0.55043	0.78402	1.33445
	2.84000	-0.41262	-1.01079	0.51085	0.82332	1.33417
	2.85000	-0.42233	-0.97145	0.47186	0.86196	1.33382
	2.86000	-0.43165	-0.93124	0.43361	0.89979	1.33340
	2.87000	-0.44055	-0.89020	0.39623	0.93668	1.33291
	2.88000	-0.44903	-0.84837	0.35986	0.97249	1.33235
	2.89000	-0.45709	-0.80578	0.32464	1.00709	1.33173
	2.90000	-0.46472	-0.76249	0.29069	1.04036	1.33105
	2.91000	-0.47190	-0.71852	0.25814	1.07217	1.33031
	2.92000	-0.47864	-0.67393	0.22709	1.10243	1.32952
	2.93000	-0.48493	-0.62875	0.19766	1.13101	1.32867
	2.94000	-0.49076	-0.58302	0.16995	1.15781	1.32777
	2.95000	-0.49613	-0.53678	0.14407	1.18276	1.32682
	2.96000	-0.50103	-0.49009	0.12009	1.20575	1.32584
	2.97000	-0.50546	-0.44297	0.09811	1.22670	1.32481
	2.98000	-0.50941	-0.39546	0.07820	1.24555	1.32375
	2.99000	-0.51289	-0.34763	0.06042	1.26224	1.32266
	3.00000	-0.51588	-0.29949	0.04485	1.27669	1.32154
	3.01000	-0.51839	-0.25110	0.03152	1.28887	1.32039
	3.02000	-0.52042	-0.20249	0.02050	1.29873	1.31923
	3.03000	-0.52195	-0.15371	0.01181	1.30624	1.31805
	3.04000	-0.52300	-0.10480	0.00549	1.31137	1.31686
	3.05000	-0.52356	-0.05580	0.00156	1.31410	1.31566
	3.06000	-0.52363	-0.00675	0.00002	1.31443	1.31446
	3.07000	-0.52320	0.04230	0.00089	1.31236	1.31325
	3.08000	-0.52229	0.09132	0.00417	1.30789	1.31206
	3.09000	-0.52089	0.14026	0.00984	1.30103	1.31087
	3.10000	-0.51900	0.18908	0.01787	1.29182	1.30969
	3.11000	-0.51662	0.23773	0.02826	1.28027	1.30853
	3.12000	-0.51376	0.28619	0.04095	1.26644	1.30739
	3.13000	-0.51042	0.33440	0.05591	1.25037	1.30628
	3.14000	-0.50659	0.38233	0.07309	1.23210	1.30519
	3.15000	-0.50229	0.42993	0.09242	1.21172	1.30414
	3.16000	-0.49752	0.47715	0.11384	1.18928	1.30312
	3.17000	-0.49228	0.52397	0.13727	1.16487	1.30214
	3.18000	-0.48658	0.57034	0.16264	1.13857	1.30121
	3.19000	-0.48042	0.61621	0.18986	1.11046	1.30032
	3.20000	-0.47380	0.66155	0.21882	1.08066	1.29948
	3.21000	-0.46674	0.70631	0.24943	1.04927	1.29870
	3.22000	-0.45923	0.75045	0.28159	1.01639	1.29797
	3.23000	-0.45129	0.79393	0.31517	0.98214	1.29731
	3.24000	-0.44293	0.83672	0.35005	0.94665	1.29670
	3.25000	-0.43414	0.87876	0.38611	0.91005	1.29616
	3.26000	-0.42494	0.92003	0.42322	0.87246	1.29568
	3.27000	-0.41533	0.96047	0.46125	0.83403	1.29528
	3.28000	-0.40533	1.00005	0.50005	0.79489	1.29495
	3.29000	-0.39495	1.03873	0.53949	0.75520	1.29468
	3.30000	-0.38418	1.07648	0.57940	0.71509	1.29450
	3.31000	-0.37305	1.11325	0.61966	0.67473	1.29439
	3.32000	-0.36156	1.14900	0.66010	0.63425	1.29435
	3.33000	-0.34972	1.18370	0.70058	0.59382	1.29439
	3.34000	-0.33755	1.21731	0.74093	0.55358	1.29451
	3.35000	-0.32505	1.24980	0.78100	0.51370	1.29471
	3.36000	-0.31224	1.28113	0.82065	0.47433	1.29498
	3.37000	-0.29913	1.31127	0.85971	0.43562	1.29533
	3.38000	-0.28572	1.34018	0.89804	0.39772	1.29576
	3.39000	-0.27205	1.36783	0.93547	0.36078	1.29626
	3.40000	-0.25810	1.39419	0.97188	0.32495	1.29683
	3.41000	-0.24391	1.41923	1.00710	0.29037	1.29747
	3.42000	-0.22948	1.44292	1.04100	0.25718	1.29818
	3.43000	-0.21483	1.46523	1.07345	0.22551	1.29896
	3.44000	-0.19997	1.48614	1.10431	0.19549	1.29980
	3.45000	-0.18491	1.50563	1.13346	0.16724	1.30070
	3.46000	-0.16968	1.52367	1.16078	0.14088	1.30166
	3.47000	-0.15427	1.54023	1.18616	0.11651	1.30267
	3.48000	-0.13872	1.55531	1.20949	0.09424	1.30373
	3.49000	-0.12303	1.56887	1.23068	0.07415	1.30483
	3.50000	-0.10722	1.58091	1.24964	0.05634	1.30598
	3.51000	-0.09131	1.59141	1.26629	0.04087	1.30716
	3.52000	-0.07531	1.60036	1.28057	0.02780	1.30837
	3.53000	-0.05923	1.60774	1.29241	0.01720	1.30961
	3.54000	-0.04309	1.61354	1.30176	0.00911	1.31087
	3.55000	-0.02692	1.61777	1.30859	0.00355	1.31214
	3.56000	-0.01071	1.62041	1.31286	0.00056	1.31343
	3.57000	0.00550	1.62146	1.31457	0.00015	1.31471
	3.58000	0.02171	1.62092	1.31369	0.00231	1.31600
	3.59000	0.03790	1.61879	1.31024	0.00705	1.31729
	3.60000	0.05405	1.61507	1.30423	0.01433	1.31856
	3.61000	0.07015	1.60977	1.29568	0.02413	1.31981
	3.62000	0.08618	1.60290	1.28464	0.03641	1.32104
	3.63000	0.10212	1.59445	1.27114	0.05111	1.32225
	3.64000	0.11797	1.58445	1.25524	0.06818	1.32342
	3.65000	0.13370	1.57291	1.23702	0.08754	1.32456
	3.66000	0.14929	1.55983	1.21653	0.10912	1.32566
	3.67000	0.16475	1.54524	1.19388	0.13283	1.32671
	3.68000	0.18004	1.52915	1.16915	0.15856	1.32771
	3.69000	0.19515	1.51158	1.14244	0.18622	1.32866
	3.70000	0.21008	1.49256	1.11387	0.21568	1.32955
	3.71000	0.22480	1.47210	1.08354	0.24683	1.33038
	3.72000	0.23930	1.45023	1.05159	0.27955	1.33114
	3.73000	0.25357	1.42698	1.01814	0.31370	1.33184
	3.74000	0.26760	1.40237	0.98332	0.34915	1.33247
	3.75000	0.28136	1.37643	0.94728	0.38575	1.33303
	3.76000	0.29485	1.34919	0.91016	0.42335	1.33352
	3.77000	0.30806	1.32069	0.87211	0.46182	1.33393
	3.78000	0.32097	1.29094	0.83327	0.50100	1.33426
	3.79000	0.33357	1.25999	0.79379	0.54073	1.33452
	3.80000	0.34585	1.22787	0.75384	0.58087	1.33470
	3.81000	0.35779	1.19462	0.71356	0.62125	1.33481
	3.82000	0.36940	1.16026	0.67310	0.66173	1.33484
	3.83000	0.38065	1.12484	0.63264	0.70215	1.33479
	3.84000	0.39153	1.08840	0.59230	0.74236	1.33466
	3.85000	0.40204	1.05096	0.55226	0.78220	1.33446
	3.86000	0.41216	1.01258	0.51265	0.82153	1.33418
	3.87000	0.42190	0.97328	0.47363	0.86020	1.33384
	3.88000	0.43123	0.93311	0.43534	0.89808	1.33342
	3.89000	0.44015	0.89210	0.39792	0.93501	1.33293
	3.90000	0.44865	0.85030	0.36151	0.97087	1.33238
	3.91000	0.45673	0.80775	0.32623	1.00553	1.33176
	3.92000	0.46437	0.76449	0.29222	1.03886	1.33108
	3.93000	0.47158	0.72055	0.25960	1.07075	1.33035
	3.94000	0.47834	0.67599	0.22848	1.10107	1.32955
	3.95000	0.48465	0.63083	0.19897	1.12973	1.32871
	3.96000	0.49050	0.58513	0.17119	1.15662	1.32781
	3.97000	0.49589	0.53892	0.14521	1.18165	1.32687
	3.98000	0.50081	0.49224	0.12115	1.20473	1.32588
	3.99000	0.50526	0.44514	0.09907	1.22579	1.32486
	4.00000	0.50924	0.39765	0.07906	1.24474	1.32380
	4.01000	0.51274	0.34983	0.06119	1.26152	1.32271
	4.02000	0.51575	0.30170	0.04551	1.27608	1.32159
	4.03000	0.51829	0.25332	0.03209	1.28836	1.32045
	4.04000	0.52034	0.20472	0.02096	1.29833	1.31928
	4.05000	0.52189	0.15595	0.01216	1.30594	1.31810
	4.06000	0.52297	0.10704	0.00573	1.31118	1.31691
	4.07000	0.52355	0.05805	0.00168	1.31403	1.31571
	4.08000	0.52364	0.00900	0.00004	1.31447	1.31451
	4.09000	0.52324	-0.04005	0.00080	1.31251	1.31331
	4.10000	0.52234	-0.08907	0.00397	1.30814	1.31211
	4.11000	0.52096	-0.13801	0.00952	1.30140	1.31092
	4.12000	0.51910	-0.18684	0.01745	1.29229	1.30974
	4.13000	0.51674	-0.23551	0.02773	1.28085	1.30858
	4.14000	0.51390	-0.28397	0.04032	1.26712	1.30744
	4.15000	0.51058	-0.33220	0.05518	1.25115	1.30633
	4.16000	0.50678	-0.38014	0.07225	1.23299	1.30524
	4.17000	0.50250	-0.42775	0.09148	1.21270	1.30419
	4.18000	0.49775	-0.47500	0.11281	1.19036	1.30317
	4.19000	0.49253	-0.52183	0.13616	1.16603	1.30219
	4.20000	0.48685	-0.56822	0.16144	1.13981	1.30125
	4.21000	0.48071	-0.61412	0.18857	1.11179	1.30036
	4.22000	0.47411	-0.65948	0.21746	1.08207	1.29952
	4.23000	0.46707	-0.70427	0.24800	1.05074	1.29874
	4.24000	0.45959	-0.74844	0.28008	1.01793	1.29801
	4.25000	0.45167	-0.79195	0.31359	0.98374	1.29734
	4.26000	0.44332	-0.83477	0.34842	0.94831	1.29673
	4.27000	0.43455	-0.87685	0.38443	0.91175	1.29618
	4.28000	0.42537	-0.91815	0.42150	0.87421	1.29571
	4.29000	0.41578	-0.95863	0.45949	0.83581	1.29530
	4.30000	0.40580	-0.99825	0.49826	0.79670	1.29496
	4.31000	0.39543	-1.03698	0.53766	0.75703	1.29470
	4.32000	0.38468	-1.07477	0.57756	0.71694	1.29450
	4.33000	0.37357	-1.11158	0.61781	0.67658	1.29439
	4.34000	0.36209	-1.14738	0.65824	0.63611	1.29435
	4.35000	0.35027	-1.18213	0.69872	0.59567	1.29439
	4.36000	0.33811	-1.21580	0.73908	0.55542	1.29450
	4.37000	0.32563	-1.24834	0.77917	0.51552	1.29470
	4.38000	0.31283	-1.27972	0.81884	0.47613	1.29497
	4.39000	0.29973	-1.30991	0.85793	0.43738	1.29531
	4.40000	0.28635	-1.33888	0.89630	0.39944	1.29573
	4.41000	0.27268	-1.36658	0.93378	0.36245	1.29623
	4.42000	0.25875	-1.39300	0.97023	0.32657	1.29680
	4.43000	0.24457	-1.41811	1.00551	0.29193	1.29744
	4.44000	0.23015	-1.44186	1.03948	0.25867	1.29815
	4.45000	0.21551	-1.46424	1.07200	0.22693	1.29892
	4.46000	0.20066	-1.48522	1.10293	0.19683	1.29976
	4.47000	0.18561	-1.50477	1.13216	0.16849	1.30066
	4.48000	0.17038	-1.52287	1.15957	0.14204	1.30161
	4.49000	0.15498	-1.53951	1.18504	0.11758	1.30262
	4.50000	0.13944	-1.55465	1.20847	0.09521	1.30368
	4.51000	0.12375	-1.56828	1.22976	0.07503	1.30478
	4.52000	0.10795	-1.58039	1.24882	0.05710	1.30593
	4.53000	0.09204	-1.59096	1.26558	0.04152	1.30710
	4.54000	0.07604	-1.59998	1.27997	0.02835	1.30832
	4.55000	0.05997	-1.60743	1.29192	0.01763	1.30955
	4.56000	0.04383	-1.61331	1.30139	0.00942	1.31081
	4.57000	0.02766	-1.61761	1.30833	0.00375	1.31208
	4.58000	0.01145	-1.62032	1.31272	0.00064	1.31337
	4.59000	-0.00476	-1.62145	1.31454	0.00011	1.31465
	4.60000	-0.02097	-1.62098	1.31379	0.00216	1.31594
	4.61000	-0.03716	-1.61892	1.31045	0.00677	1.31723
	4.62000	-0.05331	-1.61528	1.30456	0.01394	1.31850
	4.63000	-0.06941	-1.61005	1.29613	0.02362	1.31975
	4.64000	-0.08544	-1.60325	1.28520	0.03579	1.32099
	4.65000	-0.10139	-1.59487	1.27181	0.05038	1.32220
	4.66000	-0.11724	-1.58495	1.25603	0.06735	1.32337
	4.67000	-0.13298	-1.57347	1.23790	0.08661	1.32451
	4.68000	-0.14858	-1.56046	1.21752	0.10809	1.32561
	4.69000	-0.16404	-1.54594	1.19497	0.13170	1.32666
	4.70000	-0.17934	-1.52992	1.17033	0.15734	1.32767
	4.71000	-0.19446	-1.51242	1.14371	0.18491	1.32862
	4.72000	-0.20940	-1.49346	1.11522	0.21429	1.32951
	4.73000	-0.22413	-1.47307	1.08497	0.24537	1.33034
	4.74000	-0.23864	-1.45127	1.05309	0.27802	1.33111
	4.75000	-0.25292	-1.42808	1.01971	0.31211	1.33181
	4.76000	-0.26696	-1.40353	0.98495	0.34749	1.33244
	4.77000	-0.28074	-1.37765	0.94896	0.38404	1.33301
	4.78000	-0.29424	-1.35047	0.91189	0.42161	1.33349
	4.79000	-0.30746	-1.32202	0.87387	0.46004	1.33391
	4.80000	-0.32038	-1.29233	0.83506	0.49919	1.33425
	4.81000	-0.33300	-1.26144	0.79561	0.53890	1.33451
	4.82000	-0.34529	-1.22937	0.75568	0.57902	1.33470
	4.83000	-0.35725	-1.19617	0.71541	0.61940	1.33480
	4.84000	-0.36887	-1.16186	0.67496	0.65987	1.33484
	4.85000	-0.38014	-1.12649	0.63449	0.70030	1.33479
	4.86000	-0.39104	-1.09009	0.59415	0.74052	1.33467
	4.87000	-0.40157	-1.05270	0.55409	0.78038	1.33447
	4.88000	-0.41171	-1.01436	0.51446	0.81974	1.33420
	4.89000	-0.42146	-0.97510	0.47541	0.85845	1.33386
	4.90000	-0.43081	-0.93497	0.43708	0.89636	1.33344
	4.91000	-0.43975	-0.89400	0.39962	0.93334	1.33296
	4.92000	-0.44827	-0.85224	0.36316	0.96925	1.33241
	4.93000	-0.45637	-0.80972	0.32782	1.00397	1.33179
	4.94000	-0.46403	-0.76649	0.29375	1.03736	1.33112
	4.95000	-0.47126	-0.72258	0.26106	1.06932	1.33038
	4.96000	-0.47804	-0.67805	0.22987	1.09972	1.32959
	4.97000	-0.48437	-0.63292	0.20029	1.12846	1.32875
	4.98000	-0.49024	-0.58724	0.17242	1.15543	1.32785
	4.99000	-0.49565	-0.54105	0.14637	1.18055	1.32691
	5.00000	-0.50060	-0.49439	0.12221	1.20372	1.32593
	5.01000	-0.50507	-0.44731	0.10004	1.22487	1.32491
	5.02000	-0.50907	-0.39984	0.07994	1.24391	1.32385
	5.03000	-0.51259	-0.35203	0.06196	1.26080	1.32276
	5.04000	-0.51563	-0.30392	0.04618	1.27546	1.32164
	5.05000	-0.51818	-0.25555	0.03265	1.28785	1.32050
	5.06000	-0.52025	-0.20696	0.02142	1.29792	1.31934
	5.07000	-0.52183	-0.15819	0.01251	1.30565	1.31816
	5.08000	-0.52293	-0.10929	0.00597	1.31100	1.31697
	5.09000	-0.52353	-0.06030	0.00182	1.31395	1.31577
	5.10000	-0.52364	-0.01125	0.00006	1.31450	1.31457
	5.11000	-0.52326	0.03780	0.00071	1.31265	1.31336
	5.12000	-0.52240	0.08682	0.00377	1.30840	1.31217
	5.13000	-0.52104	0.13577	0.00922	1.30176	1.31098
	5.14000	-0.51919	0.18460	0.01704	1.29276	1.30980
	5.15000	-0.51686	0.23328	0.02721	1.28143	1.30864
	5.16000	-0.51404	0.28175	0.03969	1.26780	1.30750
	5.17000	-0.51074	0.32999	0.05445	1.25193	1.30638
	5.18000	-0.50696	0.37794	0.07142	1.23387	1.30529
	5.19000	-0.50271	0.42557	0.09056	1.21368	1.30423
	5.20000	-0.49798	0.47284	0.11179	1.19143	1.30321
	5.21000	-0.49278	0.51969	0.13504	1.16719	1.30223
	5.22000	-0.48712	0.56610	0.16024	1.14106	1.30129
	5.23000	-0.48100	0.61202	0.18729	1.11312	1.30040
	5.24000	-0.47443	0.65741	0.21609	1.08347	1.29956
	5.25000	-0.46740	0.70222	0.24656	1.05221	1.29877
	5.26000	-0.45994	0.74643	0.27858	1.01946	1.29804
	5.27000	-0.45204	0.78997	0.31203	0.98534	1.29736
	5.28000	-0.44371	0.83282	0.34680	0.94996	1.29675
	5.29000	-0.43496	0.87494	0.38276	0.91345	1.29621
	5.30000	-0.42580	0.91627	0.41978	0.87595	1.29573
	5.31000	-0.41623	0.95679	0.45773	0.83759	1.29531
	5.32000	-0.40627	0.99646	0.49646	0.79851	1.29497
	5.33000	-0.39591	1.03522	0.53584	0.75886	1.29471
	5.34000	-0.38518	1.07306	0.57572	0.71879	1.29451
	5.35000	-0.37409	1.10992	0.61596	0.67844	1.29439
	5.36000	-0.36263	1.14576	0.65639	0.63796	1.29435
	5.37000	-0.35082	1.18056	0.69686	0.59752	1.29439
	5.38000	-0.33868	1.21428	0.73723	0.55726	1.29450
	5.39000	-0.32621	1.24687	0.77734	0.51735	1.29469
	5.40000	-0.31343	1.27831	0.81703	0.47792	1.29495
	5.41000	-0.30034	1.30855	0.85615	0.43914	1.29530
	5.42000	-0.28697	1.33757	0.89455	0.40116	1.29571
	5.43000	-0.27331	1.36534	0.93208	0.36413	1.29621
	5.44000	-0.25939	1.39182	0.96858	0.32819	1.29677
	5.45000	-0.24522	1.41698	1.00392	0.29349	1.29741
	5.46000	-0.23082	1.44080	1.03795	0.26016	1.29811
	5.47000	-0.21618	1.46324	1.07054	0.22835	1.29889
	5.48000	-0.20134	1.48428	1.10155	0.19817	1.29972
	5.49000	-0.18630	1.50390	1.13086	0.16975	1.30062
	5.50000	-0.17108	1.52207	1.15835	0.14321	1.30157
	5.51000	-0.15569	1.53878	1.18391	0.11866	1.30257
	5.52000	-0.14015	1.55399	1.20744	0.09619	1.30363
	5.53000	-0.12448	1.56769	1.22883	0.07590	1.30473
	5.54000	-0.10868	1.57987	1.24800	0.05788	1.30587
	5.55000	-0.09277	1.59051	1.26486	0.04219	1.30705
	5.56000	-0.07678	1.59960	1.27936	0.02890	1.30826
	5.57000	-0.06071	1.60712	1.29142	0.01807	1.30949
	5.58000	-0.04458	1.61308	1.30101	0.00974	1.31075
	5.59000	-0.02840	1.61745	1.30807	0.00396	1.31202
	5.60000	-0.01220	1.62023	1.31258	0.00073	1.31331
	5.61000	0.00402	1.62143	1.31452	0.00008	1.31460
	5.62000	0.02023	1.62104	1.31388	0.00201	1.31588
	5.63000	0.03642	1.61905	1.31066	0.00650	1.31717
	5.64000	0.05257	1.61548	1.30489	0.01355	1.31844
	5.65000	0.06867	1.61032	1.29657	0.02312	1.31970
	5.66000	0.08471	1.60359	1.28576	0.03518	1.32093
	5.67000	0.10066	1.59529	1.27248	0.04966	1.32214
	5.68000	0.11652	1.58543	1.25680	0.06652	1.32332
	5.69000	0.13226	1.57403	1.23879	0.08567	1.32446
	5.70000	0.14787	1.56109	1.21851	0.10705	1.32556
	5.71000	0.16334	1.54664	1.19605	0.13057	1.32662
	5.72000	0.17864	1.53069	1.17150	0.15612	1.32762
	5.73000	0.19377	1.51326	1.14497	0.18360	1.32857
	5.74000	0.20872	1.49437	1.11656	0.21290	1.32947
	5.75000	0.22346	1.47404	1.08640	0.24391	1.33030
	5.76000	0.23798	1.45230	1.05459	0.27649	1.33107
	5.77000	0.25227	1.42917	1.02127	0.31051	1.33178
	5.78000	0.26632	1.40469	0.98657	0.34584	1.33242
	5.79000	0.28011	1.37887	0.95064	0.38234	1.33298
	5.80000	0.29363	1.35175	0.91361	0.41986	1.33347
	5.81000	0.30686	1.32336	0.87563	0.45826	1.33389
	5.82000	0.31980	1.29372	0.83686	0.49738	1.33423
	5.83000	0.33243	1.26288	0.79744	0.53706	1.33450
	5.84000	0.34473	1.23087	0.75752	0.57717	1.33469
	5.85000	0.35671	1.19772	0.71726	0.61754	1.33480
	5.86000	0.36835	1.16346	0.67682	0.65802	1.33484
	5.87000	0.37963	1.12814	0.63635	0.69845	1.33479
	5.88000	0.39055	1.09178	0.59600	0.73868	1.33467
	5.89000	0.40109	1.05444	0.55592	0.77856	1.33448
	5.90000	0.41125	1.01614	0.51627	0.81795	1.33421
	5.91000	0.42102	0.97692	0.47719	0.85669	1.33387
	5.92000	0.43039	0.93683	0.43882	0.89464	1.33346
	5.93000	0.43935	0.89590	0.40132	0.93166	1.33298
	5.94000	0.44789	0.85417	0.36480	0.96763	1.33243
	5.95000	0.45601	0.81169	0.32942	1.00240	1.33182
	5.96000	0.46369	0.76849	0.29529	1.03586	1.33115
	5.97000	0.47094	0.72461	0.26253	1.06789	1.33042
	5.98000	0.47774	0.68010	0.23127	1.09836	1.32963
	5.99000	0.48409	0.63500	0.20161	1.12717	1.32879
	6.00000	0.48998	0.58934	0.17366	1.15423	1.32789
	6.01000	0.49541	0.54318	0.14752	1.17944	1.32696
	6.02000	0.50038	0.49654	0.12328	1.20270	1.32598
	6.03000	0.50487	0.44947	0.10101	1.22394	1.32495
	6.04000	0.50889	0.40202	0.08081	1.24309	1.32390
	6.05000	0.51244	0.35423	0.06274	1.26007	1.32281
	6.06000	0.51550	0.30613	0.04686	1.27484	1.32169
	6.07000	0.51808	0.25777	0.03322	1.28733	1.32055
	6.08000	0.52017	0.20919	0.02188	1.29751	1.31939
	6.09000	0.52177	0.16043	0.01287	1.30534	1.31821
	6.10000	0.52289	0.11154	0.00622	1.31080	1.31702
	6.11000	0.52351	0.06255	0.00196	1.31387	1.31582
	6.12000	0.52365	0.01350	0.00009	1.31453	1.31462
	6.13000	0.52329	-0.03555	0.00063	1.31279	1.31342
	6.14000	0.52245	-0.08457	0.00358	1.30864	1.31222
	6.15000	0.52111	-0.13353	0.00891	1.30212	1.31103
	6.16000	0.51929	-0.18236	0.01663	1.29322	1.30985
	6.17000	0.51698	-0.23105	0.02669	1.28200	1.30869
	6.18000	0.51418	-0.27953	0.03907	1.26848	1.30755
	6.19000	0.51090	-0.32778	0.05372	1.25271	1.30643
	6.20000	0.50715	-0.37575	0.07059	1.23475	1.30534
	6.21000	0.50291	-0.42339	0.08963	1.21465	1.30428
	6.22000	0.49821	-0.47068	0.11077	1.19249	1.30326
	6.23000	0.49303	-0.51755	0.13393	1.16834	1.30228
	6.24000	0.48739	-0.56398	0.15904	1.14230	1.30134
	6.25000	0.48129	-0.60993	0.18601	1.11444	1.30044
	6.26000	0.47474	-0.65534	0.21473	1.08486	1.29960
	6.27000	0.46774	-0.70018	0.24513	1.05368	1.29881
	6.28000	0.46029	-0.74441	0.27707	1.02100	1.29807
	6.29000	0.45241	-0.78799	0.31046	0.98693	1.29739
	6.30000	0.44410	-0.83087	0.34517	0.95161	1.29678
	6.31000	0.43537	-0.87302	0.38108	0.91515	1.29623
	6.32000	0.42623	-0.91439	0.41806	0.87769	1.29575
	6.33000	0.41668	-0.95495	0.45597	0.83936	1.29533
	6.34000	0.40673	-0.99466	0.49467	0.80032	1.29499
	6.35000	0.39640	-1.03347	0.53403	0.76069	1.29472
	6.36000	0.38568	-1.07134	0.57389	0.72063	1.29452
	6.37000	0.37460	-1.10825	0.61410	0.68029	1.29440
	6.38000	0.36316	-1.14414	0.65453	0.63982	1.29435
	6.39000	0.35137	-1.17899	0.69501	0.59937	1.29438
	6.40000	0.33924	-1.21275	0.73539	0.55910	1.29449
	6.41000	0.32679	-1.24540	0.77551	0.51917	1.29468
	6.42000	0.31402	-1.27689	0.81522	0.47972	1.29494
	6.43000	0.30095	-1.30719	0.85437	0.44090	1.29528
	6.44000	0.28759	-1.33627	0.89281	0.40288	1.29569
	6.45000	0.27395	-1.36410	0.93038	0.36580	1.29618
	6.46000	0.26004	-1.39063	0.96693	0.32981	1.29674
	6.47000	0.24588	-1.41586	1.00233	0.29505	1.29738
	6.48000	0.23148	-1.43974	1.03642	0.26166	1.29808
	6.49000	0.21686	-1.46224	1.06908	0.22977	1.29885
	6.50000	0.20203	-1.48335	1.10016	0.19952	1.29968
	6.51000	0.18700	-1.50303	1.12956	0.17102	1.30057
	6.52000	0.17178	-1.52127	1.15713	0.14439	1.30152
	6.53000	0.15640	-1.53804	1.18279	0.11974	1.30253
	6.54000	0.14087	-1.55332	1.20640	0.09718	1.30358
	6.55000	0.12520	-1.56710	1.22789	0.07678	1.30468
	6.56000	0.10941	-1.57935	1.24717	0.05865	1.30582
	6.57000	0.09351	-1.59006	1.26414	0.04285	1.30700
	6.58000	0.07751	-1.59922	1.27875	0.02946	1.30820
	6.59000	0.06144	-1.60681	1.29092	0.01851	1.30944
	6.60000	0.04532	-1.61284	1.30062	0.01007	1.31069
	6.61000	0.02914	-1.61728	1.30780	0.00417	1.31196
	6.62000	0.01294	-1.62014	1.31243	0.00082	1.31325
	6.63000	-0.00327	-1.62141	1.31448	0.00005	1.31454
	6.64000	-0.01948	-1.62109	1.31396	0.00186	1.31583
	6.65000	-0.03567	-1.61918	1.31087	0.00624	1.31711
	6.66000	-0.05183	-1.61568	1.30521	0.01317	1.31838
	6.67000	-0.06794	-1.61060	1.29701	0.02263	1.31964
	6.68000	-0.08398	-1.60394	1.28631	0.03457	1.32088
	6.69000	-0.09993	-1.59571	1.27314	0.04894	1.32209
	6.70000	-0.11579	-1.58592	1.25757	0.06569	1.32327
	6.71000	-0.13154	-1.57459	1.23966	0.08475	1.32441
	6.72000	-0.14716	-1.56172	1.21948	0.10603	1.32551
	6.73000	-0.16263	-1.54734	1.19712	0.12944	1.32657
	6.74000	-0.17794	-1.53145	1.17267	0.15490	1.32758
	6.75000	-0.19308	-1.51409	1.14623	0.18230	1.32853
	6.76000	-0.20804	-1.49526	1.11791	0.21152	1.32943
	6.77000	-0.22279	-1.47500	1.08782	0.24245	1.33027
	6.78000	-0.23732	-1.45333	1.05608	0.27496	1.33104
	6.79000	-0.25162	-1.43026	1.02283	0.30892	1.33175
	6.80000	-0.26568	-1.40584	0.98819	0.34420	1.33239
	6.81000	-0.27948	-1.38008	0.95231	0.38064	1.33296
	6.82000	-0.29301	-1.35302	0.91533	0.41812	1.33345
	6.83000	-0.30626	-1.32469	0.87740	0.45648	1.33387
	6.84000	-0.31921	-1.29511	0.83865	0.49557	1.33422
	6.85000	-0.33185	-1.26432	0.79926	0.53523	1.33449
	6.86000	-0.34418	-1.23236	0.75936	0.57532	1.33468
	6.87000	-0.35617	-1.19926	0.71911	0.61568	1.33480
	6.88000	-0.36782	-1.16506	0.67868	0.65616	1.33484
	6.89000	-0.37912	-1.12978	0.63820	0.69660	1.33480
	6.90000	-0.39005	-1.09347	0.59784	0.73684	1.33468
	6.91000	-0.40061	-1.05617	0.55775	0.77674	1.33449
	6.92000	-0.41079	-1.01791	0.51807	0.81615	1.33423
	6.93000	-0.42058	-0.97874	0.47897	0.85492	1.33389
	6.94000	-0.42997	-0.93869	0.44057	0.89292	1.33348
	6.95000	-0.43895	-0.89779	0.40302	0.92999	1.33300
	6.96000	-0.44751	-0.85610	0.36646	0.96600	1.33246
	6.97000	-0.45564	-0.81365	0.33102	1.00084	1.33185
	6.98000	-0.46335	-0.77048	0.29682	1.03436	1.33118
	6.99000	-0.47061	-0.72664	0.26400	1.06645	1.33045
	7.00000	-0.47744	-0.68216	0.23267	1.09700	1.32967
	7.01000	-0.48381	-0.63708	0.20294	1.12589	1.32883
	7.02000	-0.48972	-0.59145	0.17491	1.15303	1.32794
	7.03000	-0.49517	-0.54530	0.14868	1.17832	1.32700
	7.04000	-0.50016	-0.49869	0.12435	1.20168	1.32602
	7.05000	-0.50468	-0.45164	0.10199	1.22301	1.32500
	7.06000	-0.50872	-0.40421	0.08169	1.24225	1.32395
	7.07000	-0.51228	-0.35643	0.06352	1.25934	1.32286
	7.08000	-0.51537	-0.30834	0.04754	1.27421	1.32174
	7.09000	-0.51797	-0.25999	0.03380	1.28681	1.32060
	7.10000	-0.52008	-0.21142	0.02235	1.29709	1.31944
	7.11000	-0.52171	-0.16267	0.01323	1.30504	1.31827
	7.12000	-0.52285	-0.11378	0.00647	1.31060	1.31708
	7.13000	-0.52349	-0.06480	0.00210	1.31378	1.31588
	7.14000	-0.52365	-0.01576	0.00012	1.31455	1.31468
	7.15000	-0.52332	0.03330	0.00055	1.31292	1.31347
	7.16000	-0.52250	0.08233	0.00339	1.30889	1.31228
	7.17000	-0.52118	0.13128	0.00862	1.30247	1.31108
	7.18000	-0.51938	0.18013	0.01622	1.29368	1.30991
	7.19000	-0.51709	0.22882	0.02618	1.28256	1.30874
	7.20000	-0.51432	0.27731	0.03845	1.26915	1.30760
	7.21000	-0.51106	0.32557	0.05300	1.25348	1.30648
	7.22000	-0.50733	0.37355	0.06977	1.23562	1.30539
	7.23000	-0.50312	0.42122	0.08871	1.21562	1.30433
	7.24000	-0.49843	0.46852	0.10975	1.19355	1.30330
	7.25000	-0.49328	0.51541	0.13283	1.16949	1.30232
	7.26000	-0.48766	0.56186	0.15785	1.14353	1.30138
	7.27000	-0.48158	0.60783	0.18473	1.11575	1.30048
	7.28000	-0.47505	0.65327	0.21338	1.08625	1.29963
	7.29000	-0.46807	0.69814	0.24370	1.05514	1.29884
	7.30000	-0.46064	0.74240	0.27558	1.02253	1.29810
	7.31000	-0.45278	0.78600	0.30890	0.98852	1.29742
	7.32000	-0.44449	0.82892	0.34355	0.95325	1.29681
	7.33000	-0.43578	0.87110	0.37941	0.91684	1.29625
	7.34000	-0.42666	0.91251	0.41634	0.87943	1.29577
	7.35000	-0.41713	0.95311	0.45421	0.84114	1.29535
	7.36000	-0.40720	0.99285	0.49288	0.80212	1.29500
	7.37000	-0.39688	1.03170	0.53221	0.76252	1.29473
	7.38000	-0.38618	1.06962	0.57205	0.72248	1.29453
	7.39000	-0.37512	1.10657	0.61225	0.68215	1.29440
	7.40000	-0.36369	1.14252	0.65267	0.64168	1.29435
	7.41000	-0.35192	1.17741	0.69315	0.60123	1.29438
	7.42000	-0.33981	1.21123	0.73354	0.56095	1.29448
	7.43000	-0.32737	1.24393	0.77368	0.52099	1.29467
	7.44000	-0.31461	1.27547	0.81341	0.48151	1.29493
	7.45000	-0.30156	1.30583	0.85259	0.44267	1.29526
	7.46000	-0.28821	1.33496	0.89106	0.40461	1.29567
	7.47000	-0.27458	1.36285	0.92868	0.36748	1.29616
	7.48000	-0.26068	1.38945	0.96528	0.33144	1.29672
	7.49000	-0.24654	1.41473	1.00073	0.29662	1.29735
	7.50000	-0.23215	1.43867	1.03489	0.26316	1.29805
	7.51000	-0.21754	1.46124	1.06761	0.23120	1.29881
	7.52000	-0.20271	1.48241	1.09877	0.20087	1.29964
	7.53000	-0.18769	1.50216	1.12825	0.17228	1.30053
	7.54000	-0.17249	1.52047	1.15591	0.14557	1.30148
	7.55000	-0.15711	1.53730	1.18165	0.12083	1.30248
	7.56000	-0.14159	1.55265	1.20537	0.09816	1.30353
	7.57000	-0.12592	1.56650	1.22696	0.07767	1.30463
	7.58000	-0.11013	1.57882	1.24633	0.05943	1.30577
	7.59000	-0.09424	1.58960	1.26341	0.04353	1.30694
	7.60000	-0.07825	1.59883	1.27813	0.03002	1.30815
	7.61000	-0.06218	1.60650	1.29042	0.01896	1.30938
	7.62000	-0.04606	1.61260	1.30023	0.01040	1.31063
	7.63000	-0.02989	1.61711	1.30753	0.00438	1.31191
	7.64000	-0.01369	1.62004	1.31227	0.00092	1.31319
	7.65000	0.00253	1.62139	1.31445	0.00003	1.31448
	7.66000	0.01874	1.62114	1.31404	0.00172	1.31577
	7.67000	0.03493	1.61930	1.31107	0.00598	1.31705
	7.68000	0.05109	1.61587	1.30552	0.01280	1.31832
	7.69000	0.06720	1.61086	1.29744	0.02214	1.31958
	7.70000	0.08324	1.60428	1.28685	0.03397	1.32082
	7.71000	0.09920	1.59612	1.27380	0.04823	1.32203
	7.72000	0.11507	1.58640	1.25834	0.06487	1.32321
	7.73000	0.13082	1.57514	1.24053	0.08382	1.32436
	7.74000	0.14644	1.56234	1.22046	0.10500	1.32546
	7.75000	0.16192	1.54803	1.19820	0.12832	1.32652
	7.76000	0.17724	1.53221	1.17384	0.15369	1.32753
	7.77000	0.19239	1.51492	1.14749	0.18100	1.32849
	7.78000	0.20736	1.49616	1.11925	0.21014	1.32939
	7.79000	0.22212	1.47596	1.08923	0.24100	1.33023
	7.80000	0.23666	1.45435	1.05757	0.27344	1.33101
	7.81000	0.25097	1.43135	1.02438	0.30733	1.33172
	7.82000	0.26504	1.40699	0.98981	0.34255	1.33236
	7.83000	0.27886	1.38129	0.95398	0.37895	1.33293
	7.84000	0.29240	1.35429	0.91705	0.41638	1.33343
	7.85000	0.30566	1.32601	0.87915	0.45470	1.33386
	7.86000	0.31862	1.29649	0.84045	0.49376	1.33421
	7.87000	0.33128	1.26576	0.80108	0.53340	1.33448
	7.88000	0.34362	1.23385	0.76120	0.57348	1.33468
	7.89000	0.35563	1.20080	0.72097	0.61383	1.33479
	7.90000	0.36729	1.16665	0.68053	0.65430	1.33484
	7.91000	0.37861	1.13142	0.64006	0.69474	1.33480
	7.92000	0.38956	1.09516	0.59969	0.73500	1.33469
	7.93000	0.40014	1.05790	0.55958	0.77492	1.33450
	7.94000	0.41034	1.01969	0.51988	0.81436	1.33424
	7.95000	0.42014	0.98056	0.48075	0.85316	1.33391
	7.96000	0.42955	0.94054	0.44231	0.89119	1.33350
	7.97000	0.43854	0.89969	0.40472	0.92831	1.33303
	7.98000	0.44712	0.85803	0.36811	0.96438	1.33249
	7.99000	0.45528	0.81562	0.33262	0.99927	1.33188
	8.00000	0.46300	0.77248	0.29836	1.03285	1.33121
	8.01000	0.47029	0.72867	0.26548	1.06501	1.33049
	8.02000	0.47713	0.68421	0.23407	1.09563	1.32970
	8.03000	0.48352	0.63916	0.20426	1.12460	1.32887
	8.04000	0.48946	0.59355	0.17615	1.15183	1.32798
	8.05000	0.49493	0.54743	0.14984	1.17720	1.32704
	8.06000	0.49994	0.50084	0.12542	1.20065	1.32607
	8.07000	0.50448	0.45381	0.10297	1.22208	1.32505
	8.08000	0.50855	0.40639	0.08258	1.24142	1.32400
	8.09000	0.51213	0.35863	0.06431	1.25860	1.32291
	8.10000	0.51524	0.31056	0.04822	1.27357	1.32180
	8.11000	0.51786	0.26222	0.03438	1.28628	1.32066
	8.12000	0.52000	0.21366	0.02282	1.29667	1.31950
	8.13000	0.52164	0.16491	0.01360	1.30472	1.31832
	8.14000	0.52281	0.11603	0.00673	1.31040	1.31713
	8.15000	0.52348	0.06705	0.00225	1.31369	1.31593
	8.16000	0.52366	0.01801	0.00016	1.31457	1.31473
	8.17000	0.52335	-0.03105	0.00048	1.31305	1.31353
	8.18000	0.52254	-0.08008	0.00321	1.30912	1.31233
	8.19000	0.52125	-0.12904	0.00833	1.30281	1.31114
	8.20000	0.51948	-0.17789	0.01582	1.29414	1.30996
	8.21000	0.51721	-0.22659	0.02567	1.28312	1.30880
	8.22000	0.51446	-0.27509	0.03784	1.26981	1.30765
	8.23000	0.51122	-0.32336	0.05228	1.25425	1.30653
	8.24000	0.50751	-0.37136	0.06895	1.23648	1.30544
	8.25000	0.50332	-0.41904	0.08780	1.21658	1.30438
	8.26000	0.49866	-0.46635	0.10874	1.19461	1.30335
	8.27000	0.49352	-0.51327	0.13172	1.17064	1.30236
	8.28000	0.48793	-0.55974	0.15666	1.14476	1.30142
	8.29000	0.48187	-0.60573	0.18346	1.11707	1.30052
	8.30000	0.47536	-0.65120	0.21203	1.08764	1.29967
	8.31000	0.46840	-0.69609	0.24227	1.05660	1.29888
	8.32000	0.46099	-0.74038	0.27408	1.02405	1.29814
	8.33000	0.45315	-0.78402	0.30734	0.99011	1.29745
	8.34000	0.44488	-0.82697	0.34194	0.95490	1.29683
	8.35000	0.43619	-0.86918	0.37774	0.91854	1.29628
	8.36000	0.42709	-0.91063	0.41462	0.88116	1.29579
	8.37000	0.41757	-0.95127	0.45245	0.84291	1.29537
	8.38000	0.40766	-0.99105	0.49109	0.80393	1.29502
	8.39000	0.39736	-1.02994	0.53039	0.76435	1.29474
	8.40000	0.38668	-1.06791	0.57021	0.72432	1.29453
	8.41000	0.37563	-1.10490	0.61040	0.68400	1.29441
	8.42000	0.36423	-1.14089	0.65082	0.64354	1.29435
	8.43000	0.35247	-1.17584	0.69130	0.60308	1.29438
	8.44000	0.34037	-1.20970	0.73169	0.56279	1.29448
	8.45000	0.32795	-1.24245	0.77184	0.52281	1.29466
	8.46000	0.31521	-1.27405	0.81160	0.48331	1.29491
	8.47000	0.30216	-1.30446	0.85081	0.44443	1.29524
	8.48000	0.28882	-1.33365	0.88932	0.40634	1.29565
	8.49000	0.27521	-1.36160	0.92697	0.36916	1.29613
	8.50000	0.26133	-1.38825	0.96362	0.33307	1.29669
	8.51000	0.24719	-1.41360	0.99913	0.29819	1.29732
	8.52000	0.23281	-1.43760	1.03335	0.26466	1.29801
	8.53000	0.21821	-1.46024	1.06614	0.23263	1.29878
	8.54000	0.20340	-1.48147	1.09738	0.20222	1.29960
	8.55000	0.18838	-1.50129	1.12693	0.17356	1.30049
	8.56000	0.17319	-1.51966	1.15468	0.14675	1.30143
	8.57000	0.15782	-1.53656	1.18052	0.12192	1.30243
	8.58000	0.14230	-1.55198	1.20432	0.09916	1.30348
	8.59000	0.12664	-1.56590	1.22601	0.07856	1.30458
	8.60000	0.11086	-1.57829	1.24549	0.06022	1.30571
	8.61000	0.09497	-1.58914	1.26268	0.04420	1.30689
	8.62000	0.07898	-1.59844	1.27751	0.03058	1.30809
	8.63000	0.06292	-1.60618	1.28991	0.01941	1.30932
	8.64000	0.04680	-1.61235	1.29984	0.01074	1.31058
	8.65000	0.03063	-1.61694	1.30725	0.00460	1.31185
	8.66000	0.01443	-1.61994	1.31211	0.00102	1.31313
	8.67000	-0.00178	-1.62136	1.31440	0.00002	1.31442
	8.68000	-0.01800	-1.62118	1.31412	0.00159	1.31571
	8.69000	-0.03419	-1.61942	1.31126	0.00573	1.31699
	8.70000	-0.05035	-1.61607	1.30583	0.01243	1.31827
	8.71000	-0.06646	-1.61113	1.29787	0.02166	1.31953
	8.72000	-0.08251	-1.60461	1.28739	0.03337	1.32076
	8.73000	-0.09847	-1.59653	1.27445	0.04753	1.32198
	8.74000	-0.11434	-1.58688	1.25910	0.06406	1.32316
	8.75000	-0.13010	-1.57569	1.24140	0.08290	1.32430
	8.76000	-0.14573	-1.56296	1.22143	0.10398	1.32541
	8.77000	-0.16122	-1.54872	1.19927	0.12721	1.32647
	8.78000	-0.17655	-1.53297	1.17500	0.15248	1.32749
	8.79000	-0.19170	-1.51574	1.14874	0.17971	1.32845
	8.80000	-0.20667	-1.49705	1.12058	0.20877	1.32935
	8.81000	-0.22144	-1.47692	1.09065	0.23954	1.33019
	8.82000	-0.23600	-1.45537	1.05906	0.27191	1.33097
	8.83000	-0.25032	-1.43244	1.02594	0.30575	1.33169
	8.84000	-0.26440	-1.40814	0.99142	0.34091	1.33233
	8.85000	-0.27823	-1.38250	0.95565	0.37725	1.33291
	8.86000	-0.29178	-1.35556	0.91877	0.41464	1.33341
	8.87000	-0.30506	-1.32734	0.88091	0.45293	1.33384
	8.88000	-0.31803	-1.29787	0.84224	0.49195	1.33419
	8.89000	-0.33071	-1.26720	0.80289	0.53157	1.33447
	8.90000	-0.34306	-1.23534	0.76304	0.57163	1.33467
	8.91000	-0.35508	-1.20235	0.72282	0.61197	1.33479
	8.92000	-0.36677	-1.16824	0.68239	0.65244	1.33484
	8.93000	-0.37810	-1.13306	0.64191	0.69289	1.33480
	8.94000	-0.38907	-1.09685	0.60154	0.73316	1.33470
	8.95000	-0.39966	-1.05964	0.56141	0.77310	1.33451
	8.96000	-0.40988	-1.02146	0.52169	0.81256	1.33425
	8.97000	-0.41970	-0.98237	0.48253	0.85140	1.33392
	8.98000	-0.42912	-0.94240	0.44406	0.88947	1.33352
	8.99000	-0.43814	-0.90158	0.40642	0.92663	1.33305
	9.00000	-0.44674	-0.85996	0.36977	0.96275	1.33251
	9.01000	-0.45491	-0.81758	0.33422	0.99769	1.33191
	9.02000	-0.46266	-0.77448	0.29991	1.03134	1.33125
	9.03000	-0.46997	-0.73069	0.26695	1.06357	1.33052
	9.04000	-0.47683	-0.68626	0.23548	1.09426	1.32974
	9.05000	-0.48324	-0.64124	0.20559	1.12331	1.32891
	9.06000	-0.48920	-0.59566	0.17740	1.15062	1.32802
	9.07000	-0.49469	-0.54956	0.15101	1.17608	1.32709
	9.08000	-0.49972	-0.50298	0.12650	1.19962	1.32611
	9.09000	-0.50428	-0.45598	0.10396	1.22114	1.32510
	9.10000	-0.50837	-0.40858	0.08347	1.24058	1.32405
	9.11000	-0.51198	-0.36083	0.06510	1.25786	1.32296
	9.12000	-0.51511	-0.31277	0.04891	1.27294	1.32185
	9.13000	-0.51775	-0.26444	0.03496	1.28575	1.32071
	9.14000	-0.51991	-0.21589	0.02330	1.29625	1.31955
	9.15000	-0.52158	-0.16715	0.01397	1.30441	1.31838
	9.16000	-0.52276	-0.11827	0.00699	1.31019	1.31719
	9.17000	-0.52346	-0.06929	0.00240	1.31359	1.31599
	9.18000	-0.52366	-0.02026	0.00021	1.31458	1.31479
	9.19000	-0.52337	0.02880	0.00041	1.31317	1.31358
	9.20000	-0.52259	0.07783	0.00303	1.30936	1.31239
	9.21000	-0.52132	0.12679	0.00804	1.30316	1.31119
	9.22000	-0.51957	0.17565	0.01543	1.29459	1.31001
	9.23000	-0.51732	0.22436	0.02517	1.28368	1.30885
	9.24000	-0.51460	0.27287	0.03723	1.27047	1.30770
	9.25000	-0.51138	0.32116	0.05157	1.25501	1.30658
	9.26000	-0.50769	0.36916	0.06814	1.23735	1.30549
	9.27000	-0.50352	0.41686	0.08688	1.21754	1.30442
	9.28000	-0.49888	0.46419	0.10774	1.19566	1.30340
	9.29000	-0.49377	0.51113	0.13063	1.17178	1.30241
	9.30000	-0.48819	0.55762	0.15547	1.14599	1.30146
	9.31000	-0.48216	0.60363	0.18219	1.11837	1.30056
	9.32000	-0.47567	0.64912	0.21068	1.08903	1.29971
	9.33000	-0.46873	0.69404	0.24085	1.05806	1.29891
	9.34000	-0.46134	0.73836	0.27259	1.02558	1.29817
	9.35000	-0.45352	0.78203	0.30579	0.99170	1.29748
	9.36000	-0.44527	0.82501	0.34032	0.95654	1.29686
	9.37000	-0.43660	0.86726	0.37607	0.92023	1.29630
	9.38000	-0.42751	0.90875	0.41291	0.88290	1.29581
	9.39000	-0.41802	0.94942	0.45070	0.84469	1.29538
	9.40000	-0.40813	0.98924	0.48930	0.80573	1.29503
	9.41000	-0.39784	1.02818	0.52857	0.76617	1.29475
	9.42000	-0.38718	1.06618	0.56837	0.72617	1.29454
	9.43000	-0.37615	1.10323	0.60855	0.68586	1.29441
	9.44000	-0.36476	1.13926	0.64896	0.64539	1.29435
	9.45000	-0.35301	1.17426	0.68944	0.60493	1.29437
	9.46000	-0.34093	1.20817	0.72984	0.56463	1.29447
	9.47000	-0.32852	1.24097	0.77001	0.52464	1.29465
	9.48000	-0.31580	1.27262	0.80979	0.48511	1.29490
	9.49000	-0.30277	1.30309	0.84902	0.44620	1.29523
	9.50000	-0.28944	1.33234	0.88757	0.40806	1.29563
	9.51000	-0.27584	1.36034	0.92526	0.37085	1.29611
	9.52000	-0.26197	1.38706	0.96197	0.33470	1.29666
	9.53000	-0.24784	1.41247	0.99753	0.29976	1.29729
	9.54000	-0.23348	1.43653	1.03181	0.26617	1.29798
	9.55000	-0.21889	1.45923	1.06467	0.23407	1.29874
	9.56000	-0.20408	1.48053	1.09598	0.20358	1.29956
	9.57000	-0.18908	1.50041	1.12562	0.17483	1.30045
	9.58000	-0.17389	1.51885	1.15345	0.14794	1.30139
	9.59000	-0.15853	1.53582	1.17937	0.12301	1.30239
	9.60000	-0.14302	1.55131	1.20328	0.10016	1.30343
	9.61000	-0.12736	1.56529	1.22507	0.07946	1.30453
	9.62000	-0.11159	1.57775	1.24465	0.06101	1.30566
	9.63000	-0.09570	1.58867	1.26194	0.04489	1.30683
	9.64000	-0.07972	1.59805	1.27688	0.03116	1.30803
	9.65000	-0.06366	1.60586	1.28939	0.01987	1.30927
	9.66000	-0.04754	1.61210	1.29944	0.01108	1.31052
	9.67000	-0.03137	1.61676	1.30696	0.00483	1.31179
	9.68000	-0.01517	1.61984	1.31194	0.00113	1.31307
	9.69000	0.00104	1.62133	1.31435	0.00001	1.31436
	9.70000	0.01725	1.62123	1.31419	0.00146	1.31565
	9.71000	0.03345	1.61953	1.31145	0.00549	1.31693
	9.72000	0.04961	1.61625	1.30614	0.01207	1.31821
	9.73000	0.06572	1.61139	1.29829	0.02118	1.31947
	9.74000	0.08177	1.60495	1.28793	0.03278	1.32071
	9.75000	0.09774	1.59693	1.27510	0.04682	1.32192
	9.76000	0.11362	1.58736	1.25986	0.06325	1.32310
	9.77000	0.12938	1.57624	1.24226	0.08199	1.32425
	9.78000	0.14501	1.56358	1.22239	0.10297	1.32536
	9.79000	0.16051	1.54941	1.20033	0.12610	1.32643
	9.80000	0.17585	1.53373	1.17616	0.15128	1.32744
	9.81000	0.19101	1.51657	1.14999	0.17842	1.32840
	9.82000	0.20599	1.49794	1.12191	0.20740	1.32931
	9.83000	0.22077	1.47788	1.09206	0.23810	1.33015
	9.84000	0.23533	1.45639	1.06054	0.27040	1.33094
	9.85000	0.24967	1.43352	1.02749	0.30417	1.33166
	9.86000	0.26376	1.40928	0.99304	0.33927	1.33230
	9.87000	0.27760	1.38371	0.95732	0.37556	1.33288
	9.88000	0.29117	1.35682	0.92048	0.41291	1.33339
	9.89000	0.30445	1.32866	0.88267	0.45115	1.33382
	9.90000	0.31745	1.29925	0.84403	0.49015	1.33418
	9.91000	0.33013	1.26863	0.80471	0.52975	1.33446
	9.92000	0.34250	1.23683	0.76487	0.56979	1.33466
	9.93000	0.35454	1.20388	0.72467	0.61012	1.33479
	9.94000	0.36624	1.16983	0.68425	0.65059	1.33484
	9.95000	0.37758	1.13470	0.64377	0.69104	1.33481
	9.96000	0.38857	1.09853	0.60338	0.73132	1.33470
	9.97000	0.39918	1.06136	0.56325	0.77128	1.33452
	9.98000	0.40942	1.02324	0.52351	0.81076	1.33427
	9.99000	0.41926	0.98418	0.48431	0.84963	1.33394
	10.00000	0.42870	0.94425	0.44580	0.88774	1.33354
	10.01000	0.43773	0.90347	0.40813	0.92494	1.33307
